network unknown {
 }
variable L_LINENUMBER {
type discrete [ 7 ] { 1, 2, 3, 4, 5, 6, 7 };
}
variable L_QUANTITY {
type discrete [ 25 ] { 8, 17, 3, 13, 11, 15, 18, 22, 24, 0, 12, 14, 7, 5, 4, 2, 1, 21, 20, 6, 10, 16, 19, 9, 23 };
}
variable L_DISCOUNT {
type discrete [ 11 ] { 0.04, 0.09, 0.1, 0.07, 0.0, 0.06, 0.01, 0.03, 0.02, 0.08, 0.05 };
}
variable L_TAXDecimal {
type discrete [ 9 ] { 0.02, 0.06, 0.04, 0.05, 0.0, 0.07, 0.08, 0.03, 0.01 };
}
variable L_RETURNFLAG {
type discrete [ 3 ] { N, R, A };
}
variable L_LINESTATUS {
type discrete [ 2 ] { O, F };
}
variable L_EXTENDEDPRICE {
type discrete [ 25 ] { 7, 14, 2, 6, 9, 10, 15, 11, 17, 0, 8, 24, 13, 4, 3, 16, 1, 18, 5, 12, 20, 19, 21, 22, 23 };
}
variable L_SHIPDATE {
type discrete [ 7 ] { 1996, 1997, 1994, 1993, 1992, 1995, 1998 };
}
variable L_COMMITDATE {
type discrete [ 7 ] { 1996, 1997, 1994, 1993, 1995, 1992, 1998 };
}
variable L_SHIPINSTRUCT {
type discrete [ 4 ] { DELIVER IN PERSON, TAKE BACK RETURN, NONE, COLLECT COD };
}
variable L_SHIPMODE {
type discrete [ 7 ] { TRUCK, MAIL, REG AIR, AIR, FOB, RAIL, SHIP };
}
variable L_RECEIPTDATE {
type discrete [ 7 ] { 1996, 1997, 1994, 1993, 1992, 1995, 1998 };
}
variable O_ORDERSTATUS {
type discrete [ 3 ] { O, F, P };
}
variable O_TOTALPRICE {
type discrete [ 25 ] { 10, 3, 11, 1, 7, 2, 13, 8, 16, 5, 15, 12, 6, 0, 14, 9, 4, 17, 18, 19, 20, 22, 21, 24, 23 };
}
variable O_ORDERDATE {
type discrete [ 7 ] { 1996, 1993, 1995, 1994, 1992, 1998, 1997 };
}
variable O_ORDERPRIORITY {
type discrete [ 5 ] { 5-LOW, 1-URGENT, 4-NOT SPECIFIED, 2-HIGH, 3-MEDIUM };
}
variable PS_AVAILQTY {
type discrete [ 25 ] { 8, 20, 9, 10, 22, 12, 21, 7, 11, 24, 3, 15, 6, 17, 4, 16, 18, 23, 0, 14, 2, 19, 13, 1, 5 };
}
variable PS_SUPPLYCOST {
type discrete [ 25 ] { 19, 24, 8, 9, 22, 10, 7, 23, 12, 16, 4, 2, 14, 1, 11, 6, 5, 13, 3, 20, 17, 21, 0, 15, 18 };
}
variable P_MFGR {
type discrete [ 5 ] { Manufacturer#1, Manufacturer#4, Manufacturer#3, Manufacturer#2, Manufacturer#5 };
}
variable P_BRAND {
type discrete [ 25 ] { Brand#13, Brand#42, Brand#34, Brand#32, Brand#24, Brand#11, Brand#44, Brand#43, Brand#54, Brand#25, Brand#33, Brand#55, Brand#15, Brand#23, Brand#12, Brand#35, Brand#52, Brand#14, Brand#53, Brand#22, Brand#45, Brand#21, Brand#41, Brand#51, Brand#31 };
}
variable P_TYPE {
type discrete [ 150 ] { PROMO BURNISHED COPPER, LARGE BRUSHED BRASS, STANDARD POLISHED BRASS, SMALL PLATED BRASS, STANDARD POLISHED TIN, PROMO PLATED STEEL, SMALL PLATED COPPER, PROMO BURNISHED TIN, SMALL BURNISHED STEEL, LARGE BURNISHED STEEL, STANDARD BURNISHED NICKEL, MEDIUM ANODIZED STEEL, MEDIUM BURNISHED NICKEL, SMALL POLISHED STEEL, LARGE ANODIZED BRASS, PROMO PLATED TIN, ECONOMY BRUSHED STEEL, SMALL ANODIZED NICKEL, LARGE POLISHED NICKEL, SMALL BURNISHED TIN, PROMO POLISHED BRASS, MEDIUM BURNISHED TIN, MEDIUM PLATED STEEL, STANDARD BRUSHED COPPER, SMALL BRUSHED STEEL, LARGE ANODIZED TIN, PROMO PLATED COPPER, PROMO ANODIZED TIN, STANDARD BRUSHED TIN, ECONOMY PLATED BRASS, ECONOMY PLATED NICKEL, LARGE BRUSHED STEEL, MEDIUM ANODIZED BRASS, SMALL BURNISHED COPPER, LARGE POLISHED TIN, ECONOMY ANODIZED BRASS, SMALL POLISHED TIN, ECONOMY BURNISHED COPPER, ECONOMY ANODIZED TIN, PROMO POLISHED STEEL, MEDIUM PLATED TIN, SMALL BRUSHED NICKEL, LARGE BURNISHED BRASS, STANDARD BRUSHED STEEL, ECONOMY BURNISHED NICKEL, STANDARD BURNISHED TIN, LARGE BURNISHED COPPER, ECONOMY BRUSHED COPPER, MEDIUM BURNISHED BRASS, MEDIUM POLISHED TIN, LARGE POLISHED COPPER, SMALL BURNISHED NICKEL, STANDARD BRUSHED BRASS, MEDIUM BRUSHED COPPER, PROMO ANODIZED NICKEL, SMALL BRUSHED TIN, PROMO ANODIZED STEEL, MEDIUM POLISHED BRASS, STANDARD PLATED BRASS, STANDARD ANODIZED TIN, SMALL BRUSHED COPPER, ECONOMY POLISHED STEEL, PROMO ANODIZED BRASS, PROMO PLATED BRASS, ECONOMY BRUSHED TIN, ECONOMY POLISHED TIN, PROMO BURNISHED NICKEL, STANDARD PLATED TIN, LARGE PLATED STEEL, STANDARD BURNISHED STEEL, LARGE BRUSHED TIN, STANDARD ANODIZED BRASS, LARGE ANODIZED STEEL, MEDIUM PLATED BRASS, SMALL POLISHED COPPER, PROMO PLATED NICKEL, STANDARD BURNISHED COPPER, LARGE BRUSHED COPPER, PROMO BRUSHED STEEL, PROMO POLISHED TIN, MEDIUM POLISHED NICKEL, STANDARD POLISHED STEEL, PROMO POLISHED NICKEL, LARGE POLISHED STEEL, MEDIUM ANODIZED TIN, MEDIUM BRUSHED NICKEL, SMALL PLATED NICKEL, STANDARD BURNISHED BRASS, MEDIUM BURNISHED STEEL, SMALL PLATED STEEL, ECONOMY PLATED STEEL, MEDIUM BRUSHED STEEL, STANDARD PLATED STEEL, STANDARD ANODIZED STEEL, ECONOMY PLATED TIN, SMALL ANODIZED TIN, PROMO BRUSHED COPPER, MEDIUM PLATED COPPER, LARGE PLATED BRASS, MEDIUM POLISHED STEEL, SMALL POLISHED NICKEL, ECONOMY ANODIZED STEEL, MEDIUM BURNISHED COPPER, SMALL ANODIZED BRASS, STANDARD POLISHED COPPER, MEDIUM ANODIZED COPPER, ECONOMY BURNISHED TIN, SMALL ANODIZED STEEL, MEDIUM BRUSHED BRASS, LARGE BURNISHED NICKEL, ECONOMY BURNISHED BRASS, STANDARD BRUSHED NICKEL, SMALL ANODIZED COPPER, PROMO BRUSHED NICKEL, LARGE ANODIZED NICKEL, STANDARD PLATED COPPER, LARGE PLATED COPPER, MEDIUM ANODIZED NICKEL, PROMO BRUSHED BRASS, MEDIUM PLATED NICKEL, STANDARD POLISHED NICKEL, LARGE BURNISHED TIN, LARGE PLATED NICKEL, PROMO BURNISHED BRASS, ECONOMY POLISHED COPPER, STANDARD ANODIZED COPPER, SMALL BURNISHED BRASS, LARGE POLISHED BRASS, ECONOMY ANODIZED NICKEL, SMALL PLATED TIN, ECONOMY BRUSHED NICKEL, PROMO BURNISHED STEEL, PROMO BRUSHED TIN, MEDIUM BRUSHED TIN, PROMO POLISHED COPPER, STANDARD ANODIZED NICKEL, ECONOMY POLISHED NICKEL, LARGE BRUSHED NICKEL, ECONOMY BURNISHED STEEL, SMALL POLISHED BRASS, ECONOMY ANODIZED COPPER, STANDARD PLATED NICKEL, LARGE ANODIZED COPPER, ECONOMY POLISHED BRASS, SMALL BRUSHED BRASS, PROMO ANODIZED COPPER, LARGE PLATED TIN, ECONOMY BRUSHED BRASS, MEDIUM POLISHED COPPER, ECONOMY PLATED COPPER };
}
variable P_CONTAINER {
type discrete [ 40 ] { JUMBO PKG, LG CASE, WRAP CASE, MED DRUM, SM PKG, MED BAG, SM BAG, LG DRUM, LG CAN, WRAP BOX, JUMBO CASE, JUMBO PACK, JUMBO BOX, MED PACK, LG BOX, JUMBO JAR, MED CASE, JUMBO BAG, SM CASE, MED PKG, LG BAG, LG PKG, JUMBO CAN, SM JAR, WRAP JAR, SM PACK, WRAP BAG, WRAP PKG, WRAP DRUM, LG PACK, MED CAN, SM BOX, LG JAR, SM CAN, WRAP PACK, MED JAR, WRAP CAN, SM DRUM, MED BOX, JUMBO DRUM };
}
variable P_RETAILPRICE {
type discrete [ 25 ] { 0, 1, 2, 3, 4, 5, 6, 7, 8, 9, 10, 11, 12, 13, 14, 15, 16, 17, 18, 19, 20, 21, 22, 23, 24 };
}
variable P_SIZE {
type discrete [ 25 ] { 3, 0, 10, 6, 7, 1, 22, 20, 5, 21, 12, 13, 16, 23, 15, 9, 8, 4, 2, 24, 19, 17, 11, 18, 14 };
}
variable C_ACCTBAL {
type discrete [ 25 ] { 3, 2, 19, 8, 4, 24, 17, 21, 1, 9, 11, 14, 12, 22, 5, 23, 18, 15, 10, 13, 0, 16, 20, 6, 7 };
}
variable C_MKTSEGMENT {
type discrete [ 5 ] { BUILDING, AUTOMOBILE, MACHINERY, HOUSEHOLD, FURNITURE };
}
variable S_ACCTBAL {
type discrete [ 25 ] { 15, 11, 12, 1, 5, 17, 19, 14, 9, 23, 2, 6, 18, 16, 3, 0, 20, 10, 21, 7, 24, 8, 13, 4, 22 };
}
variable L_SHIPDATE_P_SIZE {
type discrete [ 2 ] { true, false };
}
variable L_SHIPDATE_S_ACCTBAL {
type discrete [ 2 ] { true, false };
}
variable PS_SUPPLYCOST_L_EXTENDEDPRICE {
type discrete [ 2 ] { true, false };
}
variable C_ACCTBAL_S_ACCTBAL {
type discrete [ 2 ] { true, false };
}
variable C_ACCTBAL_O_ORDERDATE {
type discrete [ 2 ] { true, false };
}
variable L_COMMITDATE_O_ORDERDATE {
type discrete [ 2 ] { true, false };
}
variable S_ACCTBAL_PS_AVAILQTY {
type discrete [ 2 ] { true, false };
}
variable P_BRAND_PS_AVAILQTY {
type discrete [ 2 ] { true, false };
}
probability ( L_LINENUMBER ) {
table 0.24935168561739476, 0.2140700844471042, 0.17870869073741605, 0.1429749318438726, 0.10732096548972671, 0.07144092027395439, 0.03613272159053128;
}
probability ( L_QUANTITY | L_LINENUMBER ) {
(1) 0.039786666666666665, 0.04024, 0.040453333333333334, 0.040293333333333334, 0.039946666666666665, 0.03992, 0.04112, 0.03930666666666666, 0.03997333333333333, 0.03829333333333333, 0.042186666666666664, 0.03864, 0.04032, 0.03901333333333333, 0.03904, 0.040266666666666666, 0.04104, 0.039893333333333336, 0.04021333333333333, 0.038906666666666666, 0.04133333333333333, 0.03885333333333333, 0.04064, 0.038906666666666666, 0.04141333333333334;
(2) 0.04041125675591725, 0.04047338013294403, 0.039603652854569175, 0.03963471454308256, 0.040100639870783376, 0.03876498726470771, 0.03826800024849351, 0.03888923401876126, 0.040815058706591294, 0.041063552214698394, 0.04084612039510468, 0.04124992234577872, 0.03845437037957383, 0.040193824936323536, 0.04038019506740386, 0.03988320805118966, 0.038547555445114, 0.040318071690377086, 0.03916878921538175, 0.04065975026402435, 0.040318071690377086, 0.04084612039510468, 0.038982419084301424, 0.03901348077281481, 0.04311362365658197;
(3) 0.04018455127251079, 0.04074267004018455, 0.04025896710820062, 0.03936597707992261, 0.041226372972168475, 0.040519422533115045, 0.04044500669742521, 0.038249739544575084, 0.03851019496948951, 0.03661259115939872, 0.041226372972168475, 0.04096591754725406, 0.04048221461527013, 0.03761720494121149, 0.040147343354665875, 0.04011013543682095, 0.039142729572853106, 0.04111474921863373, 0.042268194671826166, 0.0380636999553505, 0.04007292751897604, 0.04048221461527013, 0.03947760083345736, 0.042268194671826166, 0.04044500669742521;
(4) 0.03948469909775835, 0.04301925402288159, 0.038740582271416614, 0.0408799181471491, 0.04274021021300344, 0.04050785973397823, 0.039856757510929215, 0.03836852385824575, 0.0389731187796484, 0.04101944005208818, 0.04227513719653986, 0.03878708957306297, 0.040972932750441816, 0.03878708957306297, 0.040275323225746444, 0.038601060366477535, 0.038601060366477535, 0.03790345084178216, 0.03939168449446563, 0.03948469909775835, 0.03911264068458748, 0.040275323225746444, 0.04106594735373453, 0.04064738163891731, 0.04022881592410008;
(5) 0.036059479553903345, 0.03804213135068154, 0.03990086741016109, 0.03952912019826518, 0.0436183395291202, 0.041263940520446095, 0.04244114002478315, 0.03680297397769517, 0.03971499380421314, 0.04237918215613383, 0.042069392812887234, 0.038661710037174724, 0.0395910780669145, 0.03928128872366791, 0.04076827757125155, 0.04107806691449814, 0.040024783147459726, 0.04312267657992565, 0.040024783147459726, 0.0395910780669145, 0.03884758364312268, 0.03760842627013631, 0.03946716232961586, 0.04101610904584882, 0.03909541511771995;
(6) 0.04058078927773641, 0.034996276991809384, 0.04011541325390916, 0.040208488458674606, 0.04095309009679821, 0.03974311243484736, 0.03844005956813105, 0.0385331347728965, 0.04039463886820551, 0.043559195830230824, 0.03695085629188384, 0.04067386448250186, 0.039463886820551006, 0.04058078927773641, 0.040766939687267315, 0.04318689501116903, 0.039929262844378255, 0.04244229337304542, 0.04160461653015637, 0.04002233804914371, 0.03844005956813105, 0.0379746835443038, 0.0387192851824274, 0.041511541325390915, 0.040208488458674606;
(7) 0.044534412955465584, 0.04103790945896209, 0.03790945896209054, 0.043798306956201696, 0.04177401545822598, 0.043798306956201696, 0.03754140596245859, 0.033860875966139126, 0.04214206845785793, 0.03882959146117041, 0.03901361796098638, 0.04416635995583364, 0.03459698196540302, 0.03938167096061833, 0.039749723960250276, 0.03919764446080236, 0.041221935958778065, 0.03882959146117041, 0.045454545454545456, 0.04103790945896209, 0.039749723960250276, 0.033860875966139126, 0.039565697460434306, 0.039749723960250276, 0.03919764446080236;
}
probability ( L_DISCOUNT | L_EXTENDEDPRICE ) {
(7) 0.08800093742676353, 0.09069603937192407, 0.09186782282634169, 0.08729786735411296, 0.09139910944457465, 0.0928052495898758, 0.09210217951722521, 0.0933911413170846, 0.08928989922662292, 0.09022732599015702, 0.09292242793531755;
(14) 0.09057211925866238, 0.09153908138597905, 0.09105560032232071, 0.088638195004029, 0.09669621273166801, 0.09540692989524577, 0.08525382755842063, 0.09202256244963739, 0.09105560032232071, 0.08670427074939564, 0.09105560032232071;
(2) 0.08966244725738397, 0.09317862165963432, 0.090014064697609, 0.08778715424285044, 0.09423347398030943, 0.09786685419596812, 0.090014064697609, 0.0874355368026254, 0.08977965307079232, 0.09622597280825129, 0.08380215658696671;
(6) 0.09828503843879362, 0.08905972797161443, 0.09107037256061502, 0.08716735659373152, 0.08764044943820225, 0.08953282081608516, 0.08527498521584861, 0.09284447072738025, 0.09107037256061502, 0.09012418687167356, 0.09793021880544056;
(9) 0.08743296805782233, 0.08883189554674749, 0.0916297505245978, 0.08883189554674749, 0.08708323618559105, 0.09046397761716017, 0.09116344136162276, 0.0938447190487293, 0.09302867801352296, 0.0916297505245978, 0.0960596875728608;
(10) 0.09179303160087973, 0.09075124435698577, 0.09260331056835282, 0.08808889917814562, 0.09156152332445885, 0.08878342400740827, 0.09607593471466605, 0.09051973608056488, 0.08866766986919783, 0.08982521125130223, 0.09133001504803796;
(15) 0.08987318507627275, 0.09814372358022422, 0.09263003124425657, 0.09079213379893401, 0.08215401580591802, 0.08730012865282118, 0.09226245175519206, 0.08601360044109539, 0.09446792868957912, 0.08730012865282118, 0.0990626723028855;
(11) 0.08984557791296209, 0.08879270004679457, 0.09639681796911559, 0.09475900795507722, 0.08446420215255031, 0.08656995788488535, 0.09335517080018718, 0.08890968647636874, 0.09148338792700046, 0.09089845577912962, 0.09452503509592887;
(17) 0.08985148514851485, 0.09158415841584158, 0.08613861386138613, 0.08985148514851485, 0.09059405940594059, 0.08935643564356435, 0.09381188118811881, 0.0900990099009901, 0.0896039603960396, 0.09133663366336633, 0.09777227722772278;
(0) 0.09065026762327753, 0.08837262270811981, 0.09953308279239266, 0.08962532741145655, 0.08814485821660403, 0.08825874046236191, 0.08689215351326728, 0.09065026762327753, 0.0875754469878146, 0.09577496868238242, 0.09452226397904567;
(8) 0.08686365254538982, 0.0881689806574107, 0.08710098492939361, 0.09327162691349235, 0.09398362406550374, 0.09184763260946956, 0.09172896641746767, 0.09433962264150944, 0.09303429452948855, 0.09066097068945057, 0.08899964400142399;
(24) 0.10277777777777777, 0.08055555555555556, 0.1, 0.09722222222222222, 0.1, 0.08333333333333333, 0.07222222222222222, 0.09444444444444444, 0.10555555555555556, 0.06388888888888888, 0.1;
(13) 0.08955650929899857, 0.08884120171673819, 0.09012875536480687, 0.08741058655221745, 0.09213161659513591, 0.09341917024320458, 0.08741058655221745, 0.09656652360515021, 0.09456366237482117, 0.0905579399141631, 0.08941344778254649;
(4) 0.08632662835249043, 0.09183429118773946, 0.09398946360153257, 0.08967911877394635, 0.09578544061302682, 0.09219348659003831, 0.08608716475095786, 0.08884099616858238, 0.08728448275862069, 0.0951867816091954, 0.09279214559386974;
(3) 0.09480303749406739, 0.0926672994779307, 0.09515899383009017, 0.0872093023255814, 0.0907688656858092, 0.08590412909349786, 0.0907688656858092, 0.08815851922164214, 0.0927859515899383, 0.09444708115804461, 0.08732795443758899;
(16) 0.09622721492157695, 0.08753709198813056, 0.09325985587113184, 0.08711318355235269, 0.09241203899957609, 0.09135226791013142, 0.09283594743535396, 0.08075455701568461, 0.09410767274268758, 0.08965663416701992, 0.09474353539635438;
(1) 0.09404832056570418, 0.08886269888037714, 0.09027695934001179, 0.09711255156157926, 0.0835592221567472, 0.09039481437831468, 0.08839127872716558, 0.08992339422510312, 0.09086623453152622, 0.09039481437831468, 0.09616971125515615;
(18) 0.08590182648401827, 0.0898972602739726, 0.09560502283105023, 0.09103881278538813, 0.0958904109589041, 0.08818493150684932, 0.09275114155251142, 0.08961187214611872, 0.09531963470319635, 0.0898972602739726, 0.08590182648401827;
(5) 0.09666351159488878, 0.0879081874112636, 0.08944628490298154, 0.08944628490298154, 0.08637008991954567, 0.09275911026975864, 0.08944628490298154, 0.09867486985328916, 0.09264079507808802, 0.09039280643634642, 0.08625177472787506;
(12) 0.08898250989403804, 0.08898250989403804, 0.09217413506957743, 0.09153581003446955, 0.09153581003446955, 0.08911017490105962, 0.09319545512575003, 0.09115281501340483, 0.09153581003446955, 0.09140814502744797, 0.09038682497127537;
(20) 0.08198810535259134, 0.09218351741716228, 0.08666100254885302, 0.08793542905692438, 0.0989804587935429, 0.09048428207306712, 0.09643160577740018, 0.08708581138487681, 0.08113848768054376, 0.09685641461342395, 0.10025488530161428;
(19) 0.09386906823692415, 0.09248354693453412, 0.09802563214409421, 0.09386906823692415, 0.09040526498094908, 0.08971250432975407, 0.08520956009698649, 0.08832698302736404, 0.08728784205057152, 0.08520956009698649, 0.09560096986491168;
(21) 0.08841295991213619, 0.09335529928610653, 0.08951125755079627, 0.09500274574409664, 0.0757825370675453, 0.09225700164744646, 0.1015925315760571, 0.09445359692476661, 0.09170785282811642, 0.09829763866007687, 0.07962657880285558;
(22) 0.08267090620031796, 0.08664546899841018, 0.08585055643879173, 0.09379968203497616, 0.09618441971383147, 0.08664546899841018, 0.09936406995230525, 0.10254372019077901, 0.08823529411764706, 0.08982511923688394, 0.08823529411764706;
(23) 0.1015625, 0.09244791666666667, 0.09114583333333333, 0.09765625, 0.08854166666666667, 0.09244791666666667, 0.09895833333333333, 0.08333333333333333, 0.08723958333333333, 0.07942708333333333, 0.08723958333333333;
}
probability ( L_TAXDecimal | L_EXTENDEDPRICE ) {
(7) 0.11284274666041716, 0.10792125615186314, 0.11565502695101945, 0.11553784860557768, 0.11190531989688306, 0.10311694398875088, 0.1146004218420436, 0.11542067026013593, 0.10299976564330912;
(14) 0.11813053988718775, 0.11490733279613215, 0.11055600322320709, 0.11281224818694602, 0.10878323932312652, 0.10862207896857373, 0.10975020145044319, 0.1063658340048348, 0.11007252215954876;
(2) 0.11169714017815284, 0.11087669948429442, 0.11568213783403657, 0.11064228785747773, 0.10993905297702766, 0.10947022972339428, 0.11298640412564463, 0.11005625879043601, 0.10864978902953587;
(6) 0.10940272028385571, 0.11413364872856298, 0.11780011827321112, 0.10656416321703134, 0.11389710230632762, 0.10455351862803075, 0.1114133648728563, 0.10857480780603193, 0.11366055588409225;
(9) 0.11179762182326883, 0.11611098158078806, 0.11669386803450688, 0.11482863138260667, 0.10363721147120541, 0.11109815807880624, 0.1071345301935183, 0.11401259034740033, 0.10468640708789928;
(10) 0.11332330130802176, 0.11586989234865147, 0.10938766060886676, 0.11112397268202338, 0.11054520199097118, 0.11274453061696955, 0.10741984025928927, 0.11077671026739205, 0.10880888991781457;
(15) 0.11321448263186915, 0.11376585186546591, 0.11560374931078846, 0.10917110825215953, 0.11578753905532072, 0.10825215952949825, 0.1060466825951112, 0.11027384671935306, 0.10788458004043375;
(11) 0.10926532522227421, 0.10657463734206832, 0.11499766027140852, 0.1142957416939635, 0.1109031352363126, 0.11148806738418343, 0.11932615816565278, 0.10879737950397754, 0.1043518951801591;
(17) 0.10816831683168317, 0.11311881188118812, 0.11212871287128713, 0.10816831683168317, 0.11188118811881188, 0.11410891089108911, 0.11658415841584159, 0.10643564356435643, 0.1094059405940594;
(0) 0.10864366245302358, 0.11319895228333902, 0.11331283452909692, 0.1125156588087917, 0.11228789431727594, 0.11080742512242342, 0.10875754469878146, 0.11547659719849676, 0.10499943058877122;
(8) 0.10264625608164234, 0.11344487955381512, 0.11202088524979234, 0.11213955144179423, 0.11380087812982081, 0.11178355286578853, 0.10869823187373917, 0.10929156283374866, 0.11617420196985878;
(24) 0.08611111111111111, 0.1527777777777778, 0.13333333333333333, 0.11666666666666667, 0.12777777777777777, 0.07222222222222222, 0.11388888888888889, 0.10277777777777777, 0.09444444444444444;
(13) 0.10901287553648069, 0.11416309012875536, 0.11072961373390558, 0.10772532188841202, 0.1100143061516452, 0.11459227467811159, 0.11072961373390558, 0.11087267525035766, 0.11216022889842632;
(4) 0.11159003831417624, 0.11566091954022989, 0.10883620689655173, 0.11039272030651341, 0.11099137931034483, 0.11135057471264367, 0.10919540229885058, 0.11218869731800767, 0.10979406130268199;
(3) 0.10951589938300901, 0.10892263882297105, 0.10915994304698623, 0.11046511627906977, 0.11248220218319886, 0.11604176554342667, 0.10856668248694827, 0.10915994304698623, 0.11568580920740389;
(16) 0.11233573548113608, 0.12144976685036032, 0.10237388724035608, 0.11509114031369225, 0.11254768969902501, 0.11064010173802459, 0.11297159813480288, 0.1030097498940229, 0.1095803306485799;
(1) 0.11031231585150265, 0.11420153211549794, 0.11054802592810843, 0.11007660577489688, 0.11408367707719505, 0.11137301119622864, 0.11373011196228638, 0.10783736004714202, 0.10783736004714202;
(18) 0.1127283105022831, 0.11015981735159817, 0.11301369863013698, 0.10844748858447488, 0.11358447488584475, 0.10873287671232877, 0.1141552511415525, 0.10331050228310502, 0.1158675799086758;
(5) 0.11062470421202082, 0.11121628017037388, 0.11216280170373875, 0.10707524846190251, 0.10423568386180786, 0.10884997633696167, 0.11665877898722196, 0.11512068149550403, 0.11405584477046853;
(12) 0.1073662709051449, 0.12077109664241031, 0.10672794587003702, 0.11374952125622367, 0.11081322609472744, 0.10749393591216648, 0.11234520617898634, 0.11081322609472744, 0.10991957104557641;
(20) 0.11682242990654206, 0.11172472387425658, 0.10790144435004248, 0.10535259133389975, 0.10407816482582838, 0.10662701784197111, 0.11045029736618521, 0.11894647408666101, 0.11809685641461343;
(19) 0.11846207135434707, 0.10564599930723935, 0.11014894354000693, 0.09906477312088674, 0.1084170419120194, 0.114998268098372, 0.10668514028403187, 0.12088673363352961, 0.11569102874956702;
(21) 0.11312465678198792, 0.11312465678198792, 0.10543657331136738, 0.09884678747940692, 0.11202635914332784, 0.10928061504667765, 0.1070840197693575, 0.1241076331685887, 0.11696869851729819;
(22) 0.10572337042925278, 0.12957074721780604, 0.11446740858505565, 0.09379968203497616, 0.10890302066772654, 0.12559618441971382, 0.10810810810810811, 0.10731319554848967, 0.10651828298887123;
(23) 0.10807291666666667, 0.08723958333333333, 0.11328125, 0.11328125, 0.10026041666666667, 0.12890625, 0.1171875, 0.11979166666666667, 0.11197916666666667;
}
probability ( L_RETURNFLAG | L_COMMITDATE ) {
(1996) 1.0, 0.0, 0.0;
(1997) 1.0, 0.0, 0.0;
(1994) 0.0, 0.5060055567428938, 0.49399444325710623;
(1993) 0.0, 0.4935064935064935, 0.5064935064935064;
(1995) 0.5866210025352488, 0.206289196281635, 0.20708980118311612;
(1992) 0.0, 0.5048180420297284, 0.49518195797027165;
(1998) 1.0, 0.0, 0.0;
}
probability ( L_LINESTATUS | L_RETURNFLAG ) {
(N) 0.9883810999225406, 0.011618900077459334;
(R) 0.0, 1.0;
(A) 0.0, 1.0;
}
probability ( L_EXTENDEDPRICE | L_QUANTITY ) {
(8) 0.2181544633901705, 0.0, 0.0, 0.21380809093948513, 0.0, 0.0, 0.0, 0.0, 0.0, 0.0, 0.12236710130391174, 0.0, 0.0, 0.20611835506519557, 0.018221330658642596, 0.0, 0.0, 0.0, 0.22133065864259446, 0.0, 0.0, 0.0, 0.0, 0.0, 0.0;
(17) 0.0, 0.09495450785773367, 0.0, 0.0, 0.10851943755169562, 0.11232423490488007, 0.11100082712985938, 0.10669975186104218, 0.06980976013234078, 0.0, 0.0803970223325062, 0.0, 0.1065343258891646, 0.0, 0.0, 0.10504549214226634, 0.0, 0.0, 0.0, 0.10471464019851116, 0.0, 0.0, 0.0, 0.0, 0.0;
(3) 0.0, 0.0, 0.5141950567802271, 0.0, 0.0, 0.0, 0.0, 0.0, 0.0, 0.0, 0.0, 0.0, 0.0, 0.0, 0.2668670674682699, 0.0, 0.218937875751503, 0.0, 0.0, 0.0, 0.0, 0.0, 0.0, 0.0, 0.0;
(13) 0.13892572944297082, 0.0, 0.0, 0.09217506631299735, 0.13992042440318303, 0.1400862068965517, 0.0, 0.14257294429708223, 0.0, 0.0, 0.13246021220159152, 0.0, 0.08372015915119363, 0.0, 0.0, 0.0, 0.0, 0.0, 0.0, 0.1301392572944297, 0.0, 0.0, 0.0, 0.0, 0.0;
(11) 0.15920478422498788, 0.0, 0.0, 0.15871989655729757, 0.15581057055115566, 0.16486180701470826, 0.0, 0.09519961208986585, 0.0, 0.0, 0.15952804267011475, 0.0, 0.0, 0.0, 0.0, 0.0, 0.0, 0.0, 0.10667528689187004, 0.0, 0.0, 0.0, 0.0, 0.0, 0.0;
(15) 0.08217362491716368, 0.11845593108018555, 0.0, 0.0, 0.12143803843605036, 0.1265738899933731, 0.08134526176275679, 0.11365142478462557, 0.0, 0.0, 0.1149768058316766, 0.0, 0.1172962226640159, 0.0, 0.0, 0.0, 0.0, 0.0, 0.0, 0.12408880053015242, 0.0, 0.0, 0.0, 0.0, 0.0;
(18) 0.0, 0.10548172757475083, 0.0, 0.0, 0.10199335548172757, 0.10149501661129567, 0.09784053156146179, 0.10016611295681063, 0.09767441860465116, 0.0, 0.027906976744186046, 0.0, 0.10282392026578073, 0.0, 0.0, 0.10066445182724253, 0.0, 0.06295681063122924, 0.0, 0.1009966777408638, 0.0, 0.0, 0.0, 0.0, 0.0;
(22) 0.0, 0.08421417431987524, 0.0, 0.0, 0.0, 0.028937792410327498, 0.0788424883035869, 0.08109513082654653, 0.08196153179691561, 0.0, 0.0, 0.0, 0.08577369606653959, 0.0, 0.0, 0.0838676139317276, 0.0, 0.08265465257321088, 0.0, 0.07953560907988216, 0.07918904869173453, 0.08698665742505632, 0.08941258014208976, 0.05752902443250736, 0.0;
(24) 0.0, 0.07662771285475793, 0.0, 0.0, 0.0, 0.0, 0.07712854757929884, 0.030717863105175294, 0.07529215358931553, 0.0, 0.0, 0.06010016694490818, 0.07562604340567612, 0.0, 0.0, 0.07228714524207011, 0.0, 0.08564273789649415, 0.0, 0.07145242070116861, 0.07979966611018365, 0.07245409015025042, 0.07729549248747913, 0.07212020033388981, 0.07345575959933222;
(0) 0.0, 0.0, 0.0, 0.0, 0.0, 0.0, 0.0, 0.0, 0.0, 1.0, 0.0, 0.0, 0.0, 0.0, 0.0, 0.0, 0.0, 0.0, 0.0, 0.0, 0.0, 0.0, 0.0, 0.0, 0.0;
(12) 0.15914221218961624, 0.0, 0.0, 0.1455981941309255, 0.15253144147049338, 0.1452757175104805, 0.0, 0.14205095130603032, 0.0, 0.0, 0.14446952595936793, 0.0, 0.0, 0.0, 0.0, 0.0, 0.0, 0.0, 0.02144469525959368, 0.08948726217349243, 0.0, 0.0, 0.0, 0.0, 0.0;
(14) 0.12223515715948778, 0.08248794279062033, 0.0, 0.022617661732912023, 0.13204723099950108, 0.12772326625644437, 0.0, 0.1295526359554299, 0.0, 0.0, 0.1295526359554299, 0.0, 0.12772326625644437, 0.0, 0.0, 0.0, 0.0, 0.0, 0.0, 0.12606020289373024, 0.0, 0.0, 0.0, 0.0, 0.0;
(7) 0.1442211055276382, 0.0, 0.0, 0.2373534338358459, 0.0, 0.0, 0.0, 0.0, 0.0, 0.0, 0.0, 0.0, 0.0, 0.2403685092127303, 0.1323283082077052, 0.0, 0.0, 0.0, 0.2457286432160804, 0.0, 0.0, 0.0, 0.0, 0.0, 0.0;
(5) 0.0, 0.0, 0.1654774040095141, 0.0, 0.0, 0.0, 0.0, 0.0, 0.0, 0.0, 0.0, 0.0, 0.0, 0.32127081209650016, 0.3328236493374108, 0.0, 0.0, 0.0, 0.18042813455657492, 0.0, 0.0, 0.0, 0.0, 0.0, 0.0;
(4) 0.0, 0.0, 0.37053645573824945, 0.0, 0.0, 0.0, 0.0, 0.0, 0.0, 0.0, 0.0, 0.0, 0.0, 0.214416209931905, 0.3966118584952666, 0.0, 0.018435475834578975, 0.0, 0.0, 0.0, 0.0, 0.0, 0.0, 0.0, 0.0;
(2) 0.0, 0.0, 0.35518040383978816, 0.0, 0.0, 0.0, 0.0, 0.0, 0.0, 0.01605428666004634, 0.0, 0.0, 0.0, 0.0, 0.0, 0.0, 0.6287653095001655, 0.0, 0.0, 0.0, 0.0, 0.0, 0.0, 0.0, 0.0;
(1) 0.0, 0.0, 0.0, 0.0, 0.0, 0.0, 0.0, 0.0, 0.0, 0.4524408656265727, 0.0, 0.0, 0.0, 0.0, 0.0, 0.0, 0.5475591343734273, 0.0, 0.0, 0.0, 0.0, 0.0, 0.0, 0.0, 0.0;
(21) 0.0, 0.09165706763205529, 0.0, 0.0, 0.0, 0.07042948823432615, 0.08589764686522955, 0.08606220174428172, 0.07635346388020404, 0.0, 0.0, 0.0, 0.08507487246996874, 0.0, 0.0, 0.08688497613954253, 0.0, 0.08458120783281224, 0.0, 0.08968240908342932, 0.09034062859963798, 0.09165706763205529, 0.061378969886457135, 0.0, 0.0;
(20) 0.0, 0.0871634931057124, 0.0, 0.0, 0.0293827971109652, 0.09471437951411688, 0.0917596848325673, 0.09372948128693369, 0.09290873276428102, 0.0, 0.0, 0.0, 0.08650689428759029, 0.0, 0.0, 0.09143138542350623, 0.0, 0.09110308601444517, 0.0, 0.09061063690085358, 0.0623768877216021, 0.08831254103742613, 0.0, 0.0, 0.0;
(6) 0.0, 0.0, 0.017194875252865813, 0.15391099123398516, 0.0, 0.0, 0.0, 0.0, 0.0, 0.0, 0.0, 0.0, 0.0, 0.2801753202966959, 0.2670262980445044, 0.0, 0.0, 0.0, 0.28169251517194877, 0.0, 0.0, 0.0, 0.0, 0.0, 0.0;
(10) 0.1788442377947526, 0.0, 0.0, 0.181002989040186, 0.17668548654931918, 0.11242112255064762, 0.0, 0.0, 0.0, 0.0, 0.16971105944868814, 0.0, 0.0, 0.018432414480239124, 0.0, 0.0, 0.0, 0.0, 0.1629026901361674, 0.0, 0.0, 0.0, 0.0, 0.0, 0.0;
(16) 0.021940928270042195, 0.11594936708860759, 0.0, 0.0, 0.10751054852320675, 0.11054852320675106, 0.11409282700421941, 0.11763713080168776, 0.0, 0.0, 0.11561181434599156, 0.0, 0.10852320675105485, 0.0, 0.0, 0.07156118143459915, 0.0, 0.0, 0.0, 0.11662447257383966, 0.0, 0.0, 0.0, 0.0, 0.0;
(19) 0.0, 0.09731263562009682, 0.0, 0.0, 0.07661492238357537, 0.09130362209981639, 0.08746453012852612, 0.10215322984476716, 0.0984810549157069, 0.0, 0.0, 0.0, 0.09547654815556668, 0.0, 0.0, 0.09480887998664664, 0.0, 0.09414121181772658, 0.0, 0.09697880153563679, 0.0, 0.06526456351193456, 0.0, 0.0, 0.0;
(9) 0.18515457100347166, 0.0, 0.0, 0.19490824929740452, 0.11373780790213259, 0.0, 0.0, 0.0, 0.0, 0.0, 0.19490824929740452, 0.0, 0.0, 0.12051578773350967, 0.0, 0.0, 0.0, 0.0, 0.19077533476607703, 0.0, 0.0, 0.0, 0.0, 0.0, 0.0;
(23) 0.0, 0.07813259847625223, 0.0, 0.0, 0.0, 0.0, 0.07975360674339439, 0.07294537202139731, 0.0787810017831091, 0.0, 0.0, 0.0, 0.08737234559896255, 0.0, 0.0, 0.07829469930296644, 0.0, 0.08137461501053656, 0.0, 0.07926730426325174, 0.07942940508996596, 0.07537688442211055, 0.07602528772896741, 0.08007780839682282, 0.05316907116226293;
}
probability ( L_SHIPDATE | L_COMMITDATE ) {
(1996) 0.9063788288487965, 0.0479187907265393, 0.0, 0.0, 0.0, 0.045702380424664214, 0.0;
(1997) 0.043824701195219126, 0.9068075523990993, 0.0, 0.0, 0.0, 0.0, 0.049367746405681624;
(1994) 0.0, 0.0, 0.9115195554605685, 0.042829664458217565, 0.0, 0.04565078008121393, 0.0;
(1993) 0.0, 0.0, 0.04649895558986468, 0.9104985923167741, 0.04300245209336118, 0.0, 0.0;
(1995) 0.04456700618244896, 0.0, 0.04523417693368323, 0.0, 0.0, 0.9101988168838678, 0.0;
(1992) 0.0, 0.0, 0.0, 0.0539723218862122, 0.9460276781137879, 0.0, 0.0;
(1998) 0.0, 0.057245080500894455, 0.0, 0.0, 0.0, 0.0, 0.9427549194991055;
}
probability ( L_COMMITDATE | L_QUANTITY ) {
(8) 0.14777666332330325, 0.1517886994316282, 0.15245737211634905, 0.14409896355733867, 0.14944834503510532, 0.13406887328652625, 0.12036108324974924;
(17) 0.15450785773366418, 0.1607940446650124, 0.14722911497105046, 0.14822167080231596, 0.1498759305210918, 0.12555831265508685, 0.11381306865177833;
(3) 0.14478957915831664, 0.15263861055444222, 0.15798263193052772, 0.1539746158984636, 0.15180360721442887, 0.12224448897795591, 0.11656646626586506;
(13) 0.15683023872679044, 0.14870689655172414, 0.15450928381962864, 0.14605437665782495, 0.15417771883289125, 0.1314655172413793, 0.10825596816976127;
(11) 0.15338613221270406, 0.14110231129788267, 0.15613382899628253, 0.14546630030709554, 0.1511233230968159, 0.13091967027638596, 0.12186843381283335;
(15) 0.1504307488402916, 0.14993373094764745, 0.15523525513585157, 0.1472829688535454, 0.1466202783300199, 0.1303843605036448, 0.12011265738899933;
(18) 0.13853820598006644, 0.15348837209302327, 0.1676079734219269, 0.15382059800664452, 0.15348837209302327, 0.12558139534883722, 0.1074750830564784;
(22) 0.1585513775775429, 0.14520880263385896, 0.15924449835383817, 0.1396638364234968, 0.1446889620516375, 0.13897071564720154, 0.11367180731242418;
(24) 0.14991652754590984, 0.14791318864774625, 0.16460767946577629, 0.14958263772954924, 0.14006677796327213, 0.12604340567612687, 0.12186978297161936;
(0) 0.14915650576248538, 0.15400033405712377, 0.15717387673292132, 0.14180724903958578, 0.1501586771337899, 0.13980290629697678, 0.10790045097711709;
(12) 0.14672686230248308, 0.15865849725894873, 0.15059658174782328, 0.145436955820703, 0.15446630119316349, 0.127378265075782, 0.11673653660109642;
(14) 0.15782471312156993, 0.15516381174122734, 0.15715948777648428, 0.14368867453849993, 0.14385498087477133, 0.12838849160153, 0.11391984034591718;
(7) 0.14288107202680067, 0.16331658291457288, 0.15527638190954773, 0.14958123953098829, 0.15544388609715243, 0.12177554438860971, 0.1117252931323283;
(5) 0.15154604145429834, 0.15018688413183826, 0.15103635745837582, 0.14984709480122324, 0.15120625212368333, 0.13234794427454977, 0.11382942575603126;
(4) 0.15445939212755355, 0.15429330675967448, 0.15429330675967448, 0.14615512373359907, 0.1456568676299618, 0.13037701378508554, 0.11476498920445109;
(2) 0.15028136378682555, 0.16236345580933464, 0.16600463422707712, 0.14035087719298245, 0.13803376365441908, 0.12843429328037073, 0.1145316120489904;
(1) 0.15198792148968293, 0.159536990437846, 0.15651736285858078, 0.13521221271598724, 0.14460660962925684, 0.13168931387351115, 0.12044958899513504;
(21) 0.14464373868685207, 0.1604410070758598, 0.14530195820306072, 0.15007404969557347, 0.1545170314299819, 0.13526411058087873, 0.10975810432779332;
(20) 0.14543663821405123, 0.15627051871306633, 0.15889691398555483, 0.14921208141825346, 0.15068942875902824, 0.12721602101116217, 0.11227839789888379;
(6) 0.14447066756574511, 0.14868509777478084, 0.14868509777478084, 0.15441672285906946, 0.15188806473364802, 0.12929871881321645, 0.12255563047875927;
(10) 0.15360345400199268, 0.15509797409498505, 0.15210893390900032, 0.15111258718033876, 0.14662902690136168, 0.12238458983726337, 0.11906343407505812;
(16) 0.1481856540084388, 0.15527426160337554, 0.16219409282700423, 0.15257383966244725, 0.14059071729957806, 0.12337552742616034, 0.11780590717299579;
(19) 0.1472208312468703, 0.15656818561175095, 0.15072608913370056, 0.13987648138874978, 0.15539976631614089, 0.13453513603738942, 0.1156735102653981;
(9) 0.1530831542403703, 0.1547363200529013, 0.1567201190279385, 0.1444866920152091, 0.1507687221028269, 0.12944288312117705, 0.11076210943957679;
(23) 0.15399578537850542, 0.14248662668179607, 0.1517263738045064, 0.13892040849408333, 0.16145242340735938, 0.1364888960933701, 0.11492948614037932;
}
probability ( L_SHIPINSTRUCT | L_QUANTITY ) {
(8) 0.2569374791039786, 0.2500835840855901, 0.24674022066198595, 0.24623871614844534;
(17) 0.24086021505376345, 0.24714640198511167, 0.24631927212572374, 0.26567411083540116;
(3) 0.23647294589178355, 0.2560120240480962, 0.2531730126920508, 0.2543420173680695;
(13) 0.2408819628647215, 0.2558023872679045, 0.2514920424403183, 0.25182360742705573;
(11) 0.2534346209794731, 0.24260546306772265, 0.25214158719896557, 0.2518183287538387;
(15) 0.2423790589794566, 0.2544731610337972, 0.25480450629555995, 0.24834327369118622;
(18) 0.24867109634551496, 0.25299003322259134, 0.25182724252491695, 0.24651162790697675;
(22) 0.25298908334777337, 0.2526425229596257, 0.24623115577889448, 0.24813723791370645;
(24) 0.25208681135225375, 0.25559265442404006, 0.24373956594323873, 0.24858096828046744;
(0) 0.25338232837815267, 0.25338232837815267, 0.2426925004175714, 0.25054284282612327;
(12) 0.2566913898742341, 0.24572718477910352, 0.24685585295066106, 0.2507255723960013;
(14) 0.24979211707966073, 0.24896058539830368, 0.25012472975220357, 0.25112256776983205;
(7) 0.24288107202680068, 0.2564489112227806, 0.24706867671691793, 0.2536013400335008;
(5) 0.2521236833163439, 0.25756031260618417, 0.24583758069996603, 0.24447842337750594;
(4) 0.2501245640259093, 0.2552732104301611, 0.2501245640259093, 0.24447766151802025;
(2) 0.24644157563720623, 0.24710360807679577, 0.2610062893081761, 0.2454485269778219;
(1) 0.256836101325281, 0.2403959067270592, 0.24777721858748533, 0.25499077336017445;
(21) 0.24995886128023695, 0.238933684383742, 0.25703472107948, 0.25407273325654106;
(20) 0.26313197636244257, 0.24885095206828628, 0.23030203545633618, 0.257715036112935;
(6) 0.2471341874578557, 0.2494942683749157, 0.25252865812542147, 0.25084288604180716;
(10) 0.2462636997675191, 0.2517436067751578, 0.25257389571570904, 0.24941879774161407;
(16) 0.2568776371308017, 0.2508016877637131, 0.25333333333333335, 0.2389873417721519;
(19) 0.24186279419128692, 0.2455349691203472, 0.25354698714738777, 0.25905524954097814;
(9) 0.24218879153579104, 0.24780955529839643, 0.2529343693172425, 0.25706728384857;
(23) 0.25109418058032096, 0.2465553574323229, 0.25401199546117686, 0.24833846652617927;
}
probability ( L_SHIPMODE | L_EXTENDEDPRICE ) {
(7) 0.14026247949378956, 0.14190297632997423, 0.13686430747597844, 0.14647293180220294, 0.14623857511131944, 0.15139442231075698, 0.13686430747597844;
(14) 0.14230459307010476, 0.14585012087026591, 0.1500402900886382, 0.1347300564061241, 0.14391619661563254, 0.13988718775181305, 0.14327155519742144;
(2) 0.1358415377402719, 0.14474917955930613, 0.14521800281293953, 0.14474917955930613, 0.14580403187998126, 0.14111579934364746, 0.14252226910454757;
(6) 0.1413364872856298, 0.14240094618568894, 0.14997043169722057, 0.1459491425192194, 0.13660555884092254, 0.14382022471910114, 0.1399172087522176;
(9) 0.1374446257868967, 0.14373979948705992, 0.14024248076474702, 0.14513872697598507, 0.14793658195383538, 0.1431569130333411, 0.14234087199813478;
(10) 0.14399814793378862, 0.13323301308021762, 0.14006250723463365, 0.13358027549484894, 0.1489755758768376, 0.1499016089825211, 0.15024887139715246;
(15) 0.1477669546039331, 0.1383936776327881, 0.14298842124609445, 0.14739937511486859, 0.1334313545304172, 0.14482631869141702, 0.14519389818048153;
(11) 0.14576509124941506, 0.14272344408048665, 0.1338324754328498, 0.14658399625643426, 0.1456481048198409, 0.14330837622835751, 0.1421385119326158;
(17) 0.13316831683168318, 0.1438118811881188, 0.1448019801980198, 0.1311881188118812, 0.14183168316831682, 0.15297029702970297, 0.15222772277227722;
(0) 0.1417833959685685, 0.14531374558706298, 0.14132786698553695, 0.14463045211251566, 0.14713586151918917, 0.13859469308734768, 0.14121398473977906;
(8) 0.1401447727542423, 0.1425180965942803, 0.14489142043431827, 0.1421620980182746, 0.14061943752224992, 0.14714607808235433, 0.1425180965942803;
(24) 0.12777777777777777, 0.18611111111111112, 0.13333333333333333, 0.11388888888888889, 0.19444444444444445, 0.13333333333333333, 0.1111111111111111;
(13) 0.14449213161659513, 0.14005722460658082, 0.14277539341917025, 0.1402002861230329, 0.14506437768240343, 0.1361945636623748, 0.15121602288984262;
(4) 0.15086206896551724, 0.14511494252873564, 0.14212164750957854, 0.1381704980842912, 0.14295977011494254, 0.1388888888888889, 0.14188218390804597;
(3) 0.14155196962505934, 0.14451827242524917, 0.14878974845752255, 0.14451827242524917, 0.1382297104888467, 0.14095870906502136, 0.14143331751305174;
(16) 0.1430690970750318, 0.1506994489190335, 0.1460364561254769, 0.14222128020347605, 0.13988978380669775, 0.14391691394658754, 0.13416701992369648;
(1) 0.1389510901591043, 0.14225103123158514, 0.14425456688273425, 0.14201532115497936, 0.14873305833824396, 0.1390689451974072, 0.14472598703594577;
(18) 0.1464041095890411, 0.14554794520547945, 0.1421232876712329, 0.13527397260273974, 0.1461187214611872, 0.13184931506849315, 0.1526826484018265;
(5) 0.15037860861334595, 0.1442262186464742, 0.14044013251301468, 0.14044013251301468, 0.13381448177946048, 0.14162328442972077, 0.14907714150496923;
(12) 0.1451551129835312, 0.14438912294140177, 0.14132516277288396, 0.1520490233626963, 0.13711221754117198, 0.1385165326184093, 0.14145282777990553;
(20) 0.14868309260832624, 0.14146134239592184, 0.13636363636363635, 0.13466440101954122, 0.1389124893797791, 0.1588785046728972, 0.14103653355989804;
(19) 0.14166955316937999, 0.13301004502944233, 0.14651887772774505, 0.15275372358850017, 0.15171458261170764, 0.13785936958780742, 0.1364738482854174;
(21) 0.13783635365183966, 0.15101592531576058, 0.14277869302581, 0.14277869302581, 0.15595826468973092, 0.12355848434925865, 0.14607358594179023;
(22) 0.13990461049284578, 0.1534181240063593, 0.15262321144674085, 0.1534181240063593, 0.1422893481717011, 0.13990461049284578, 0.11844197138314785;
(23) 0.15625, 0.14192708333333334, 0.15755208333333334, 0.140625, 0.13802083333333334, 0.13671875, 0.12890625;
}
probability ( L_RECEIPTDATE | L_SHIPDATE ) {
(1996) 0.9549886469881127, 0.04501135301188727, 0.0, 0.0, 0.0, 0.0, 0.0;
(1997) 0.0, 0.9574588276191718, 0.0, 0.0, 0.0, 0.0, 0.042541172380828225;
(1994) 0.0, 0.0, 0.9601129846785929, 0.0, 0.0, 0.03988701532140717, 0.0;
(1993) 0.0, 0.0, 0.04478422147833167, 0.9552157785216683, 0.0, 0.0, 0.0;
(1992) 0.0, 0.0, 0.0, 0.046536796536796536, 0.9534632034632035, 0.0, 0.0;
(1995) 0.043877143996808934, 0.0, 0.0, 0.0, 0.0, 0.956122856003191, 0.0;
(1998) 0.0, 0.0, 0.0, 0.0, 0.0, 0.0, 1.0;
}
probability ( O_ORDERSTATUS ) {
table 0.4886933333333333, 0.4864266666666667, 0.02488;
}
probability ( O_TOTALPRICE | O_ORDERSTATUS ) {
