network unknown {
 }
variable L_LINENUMBER {
type discrete [ 7 ] { 1, 2, 3, 4, 5, 6, 7 };
}
variable L_QUANTITY {
type discrete [ 20 ] { 6, 14, 2, 11, 9, 12, 15, 17, 19, 10, 0, 5, 4, 3, 18, 13, 1, 16, 8, 7 };
}
variable L_DISCOUNT {
type discrete [ 11 ] { 0.04, 0.09, 0.1, 0.07, 0.0, 0.06, 0.01, 0.03, 0.02, 0.08, 0.05 };
}
variable L_TAXDecimal {
type discrete [ 9 ] { 0.02, 0.06, 0.04, 0.05, 0.0, 0.07, 0.08, 0.03, 0.01 };
}
variable L_RETURNFLAG {
type discrete [ 3 ] { N, R, A };
}
variable L_EXTENDEDPRICE {
type discrete [ 20 ] { 6, 11, 2, 5, 7, 8, 12, 9, 14, 0, 4, 19, 10, 3, 13, 1, 15, 16, 17, 18 };
}
variable L_SHIPDATE {
type discrete [ 7 ] { 1996, 1997, 1994, 1993, 1992, 1995, 1998 };
}
variable L_COMMITDATE {
type discrete [ 7 ] { 1996, 1997, 1994, 1993, 1995, 1992, 1998 };
}
variable L_SHIPINSTRUCT {
type discrete [ 4 ] { DELIVER IN PERSON, TAKE BACK RETURN, NONE, COLLECT COD };
}
variable L_SHIPMODE {
type discrete [ 7 ] { TRUCK, MAIL, REG AIR, AIR, FOB, RAIL, SHIP };
}
variable L_RECEIPTDATE {
type discrete [ 7 ] { 1996, 1997, 1994, 1993, 1992, 1995, 1998 };
}
variable O_ORDERSTATUS {
type discrete [ 3 ] { O, F, P };
}
variable O_TOTALPRICE {
type discrete [ 20 ] { 8, 2, 9, 1, 5, 10, 6, 3, 12, 0, 4, 7, 11, 14, 13, 15, 16, 17, 19, 18 };
}
variable O_ORDERDATE {
type discrete [ 7 ] { 1996, 1993, 1995, 1994, 1992, 1998, 1997 };
}
variable O_ORDERPRIORITY {
type discrete [ 5 ] { 5-LOW, 1-URGENT, 4-NOT SPECIFIED, 2-HIGH, 3-MEDIUM };
}
variable PS_AVAILQTY {
type discrete [ 20 ] { 6, 16, 7, 8, 17, 9, 19, 2, 12, 5, 4, 13, 3, 14, 18, 0, 15, 11, 1, 10 };
}
variable PS_SUPPLYCOST {
type discrete [ 20 ] { 15, 19, 6, 7, 18, 8, 9, 12, 3, 2, 11, 1, 5, 0, 4, 10, 16, 13, 14, 17 };
}
variable P_MFGR {
type discrete [ 5 ] { Manufacturer#1, Manufacturer#4, Manufacturer#3, Manufacturer#2, Manufacturer#5 };
}
variable P_BRAND {
type discrete [ 25 ] { Brand#13, Brand#42, Brand#34, Brand#32, Brand#24, Brand#11, Brand#44, Brand#43, Brand#54, Brand#25, Brand#33, Brand#55, Brand#15, Brand#23, Brand#12, Brand#35, Brand#52, Brand#14, Brand#53, Brand#22, Brand#45, Brand#21, Brand#41, Brand#51, Brand#31 };
}
variable P_CONTAINER {
type discrete [ 40 ] { JUMBO PKG, LG CASE, WRAP CASE, MED DRUM, SM PKG, MED BAG, SM BAG, LG DRUM, LG CAN, WRAP BOX, JUMBO CASE, JUMBO PACK, JUMBO BOX, MED PACK, LG BOX, JUMBO JAR, MED CASE, JUMBO BAG, SM CASE, MED PKG, LG BAG, LG PKG, JUMBO CAN, SM JAR, WRAP JAR, SM PACK, WRAP BAG, WRAP PKG, WRAP DRUM, LG PACK, MED CAN, SM BOX, LG JAR, SM CAN, WRAP PACK, MED JAR, WRAP CAN, SM DRUM, MED BOX, JUMBO DRUM };
}
variable P_RETAILPRICE {
type discrete [ 20 ] { 0, 1, 2, 3, 4, 5, 6, 7, 8, 9, 10, 11, 12, 13, 14, 15, 16, 17, 18, 19 };
}
variable P_SIZE {
type discrete [ 20 ] { 2, 0, 8, 5, 1, 17, 16, 4, 9, 11, 6, 13, 19, 12, 7, 3, 10, 15, 18, 14 };
}
variable C_ACCTBAL {
type discrete [ 20 ] { 3, 2, 15, 7, 19, 14, 16, 6, 1, 8, 11, 10, 18, 4, 12, 17, 0, 13, 9, 5 };
}
variable C_MKTSEGMENT {
type discrete [ 5 ] { BUILDING, AUTOMOBILE, MACHINERY, HOUSEHOLD, FURNITURE };
}
variable S_ACCTBAL {
type discrete [ 20 ] { 12, 9, 10, 1, 4, 14, 15, 11, 8, 7, 18, 2, 13, 0, 5, 16, 17, 6, 19, 3 };
}
variable L_SHIPDATE_P_SIZE {
type discrete [ 2 ] { true, false };
}
variable L_SHIPDATE_S_ACCTBAL {
type discrete [ 2 ] { true, false };
}
variable PS_SUPPLYCOST_L_EXTENDEDPRICE {
type discrete [ 2 ] { true, false };
}
variable C_ACCTBAL_S_ACCTBAL {
type discrete [ 2 ] { true, false };
}
variable C_ACCTBAL_O_ORDERDATE {
type discrete [ 2 ] { true, false };
}
variable L_COMMITDATE_O_ORDERDATE {
type discrete [ 2 ] { true, false };
}
probability ( L_LINENUMBER ) {
table 0.24935168561739476, 0.2140700844471042, 0.17870869073741605, 0.1429749318438726, 0.10732096548972671, 0.07144092027395439, 0.03613272159053128;
}
probability ( L_QUANTITY | L_EXTENDEDPRICE ) {
(6) 0.14546652857546372, 0.01600602579794746, 0.0, 0.13680444402598627, 0.10780529140382261, 0.0830430279634686, 0.0, 0.0, 0.0, 0.10695791356746069, 0.0, 0.0, 0.0, 0.0, 0.0, 0.07984182280387911, 0.0, 0.0, 0.186988042557198, 0.13708690330477355;
(11) 0.0, 0.09914617051102333, 0.0, 0.09404868102459539, 0.0, 0.11405632725882503, 0.14221995667133935, 0.12629030202625208, 0.11188989422709315, 0.0, 0.0, 0.0, 0.0, 0.0, 0.07850133809099019, 0.15165031222123104, 0.0, 0.08219701796865043, 0.0, 0.0;
(2) 0.011632270168855536, 0.0, 0.33818011257035646, 0.0, 0.0, 0.0, 0.0, 0.0, 0.0, 0.0, 0.0, 0.07701688555347092, 0.28686679174484053, 0.28630393996247655, 0.0, 0.0, 0.0, 0.0, 0.0, 0.0;
(5) 0.2337772740153018, 0.0, 0.0, 0.08888259185793898, 0.11362992349107395, 0.01199584395957306, 0.0, 0.0, 0.0, 0.10106734674600926, 0.0, 0.11825824123925568, 0.007178615282894115, 0.0, 0.0, 0.0, 0.0, 0.0, 0.18862756210446774, 0.1365826013034854;
(7) 0.004804069329314243, 0.07224943481537302, 0.0, 0.1408251695553881, 0.11039939713639789, 0.0860964581763376, 0.07677091183119819, 0.0, 0.0, 0.10559532780708365, 0.0, 0.0, 0.0, 0.0, 0.0, 0.11633383571966842, 0.0, 0.016861341371514696, 0.17916352675207234, 0.09090052750565185;
(8) 0.0, 0.07442075996292864, 0.0, 0.14050046339202965, 0.11019462465245598, 0.08507877664504171, 0.09870250231696015, 0.06913809082483781, 0.00018535681186283596, 0.09851714550509731, 0.0, 0.0, 0.0, 0.0, 0.015106580166821131, 0.11621872103799814, 0.0, 0.06746987951807229, 0.12446709916589435, 0.0;
(12) 0.0, 0.11552346570397112, 0.0, 0.0, 0.0, 0.07385679903730445, 0.15628760529482552, 0.13929001203369434, 0.13131768953068593, 0.0, 0.0, 0.0, 0.0, 0.0, 0.08604091456077016, 0.1911853188929001, 0.0, 0.10649819494584838, 0.0, 0.0;
(9) 0.0, 0.07822085889570553, 0.0, 0.14254217791411042, 0.07639953987730061, 0.08493098159509202, 0.10630751533742332, 0.09259969325153375, 0.0709355828220859, 0.10065184049079755, 0.0, 0.0, 0.0, 0.0, 0.05646088957055215, 0.11982361963190184, 0.0, 0.06566334355828221, 0.005463957055214724, 0.0;
(14) 0.0, 0.08730329812459582, 0.0, 0.0, 0.0, 0.0, 0.223755119637853, 0.19486958396206078, 0.20068980383703383, 0.0, 0.0, 0.0, 0.0, 0.0, 0.1405475317956456, 0.0, 0.0, 0.15283466264281095, 0.0, 0.0;
(0) 0.0, 0.0, 0.007818116462976275, 0.0, 0.0, 0.0, 0.0, 0.0, 0.0, 0.0, 0.7942127965492451, 0.0, 0.0, 0.0, 0.0, 0.0, 0.19796908698777857, 0.0, 0.0, 0.0;
(4) 0.24100922613443795, 0.0, 0.0, 0.0, 0.059781585388815665, 0.0, 0.0, 0.0, 0.0, 0.012897759367350782, 0.0, 0.18009790999811712, 0.20325739032197326, 0.0, 0.0, 0.0, 0.0, 0.0, 0.16616456411221991, 0.13679156467708528;
(19) 0.0, 0.0, 0.0, 0.0, 0.0, 0.0, 0.0, 0.0, 1.0, 0.0, 0.0, 0.0, 0.0, 0.0, 0.0, 0.0, 0.0, 0.0, 0.0, 0.0;
(10) 0.0, 0.08604854581237699, 0.0, 0.155149792258911, 0.0, 0.10091843428821343, 0.120380494205117, 0.10299584517821998, 0.09337415263503171, 0.057730155259129674, 0.0, 0.0, 0.0, 0.0, 0.07019462059916903, 0.13667176907937897, 0.0, 0.07653619068445222, 0.0, 0.0;
(3) 0.21150705984055326, 0.0, 0.0074920756891749115, 0.0, 0.0, 0.0, 0.0, 0.0, 0.0, 0.0, 0.0, 0.18768610123907406, 0.3340697339352608, 0.1785611372586687, 0.0, 0.0, 0.0, 0.0, 0.01066180001921045, 0.07002209201805783;
(13) 0.0, 0.14458905330718488, 0.0, 0.0, 0.0, 0.0, 0.19129969691567125, 0.173292922089499, 0.14797646639329648, 0.0, 0.0, 0.0, 0.0, 0.0, 0.11071492244606881, 0.11142806204314494, 0.0, 0.12069887680513461, 0.0, 0.0;
(1) 0.0, 0.0, 0.5023605356970806, 0.0, 0.0, 0.0, 0.0, 0.0, 0.0, 0.0, 0.008767704017728105, 0.0, 0.009827536371519414, 0.10694671933712303, 0.0, 0.0, 0.3720975045765488, 0.0, 0.0, 0.0;
(15) 0.0, 0.0, 0.0, 0.0, 0.0, 0.0, 0.16161342717920954, 0.26394152680021654, 0.2265836491608013, 0.0, 0.0, 0.0, 0.0, 0.0, 0.16350839198700595, 0.0, 0.0, 0.18435300487276665, 0.0, 0.0;
(16) 0.0, 0.0, 0.0, 0.0, 0.0, 0.0, 0.0, 0.340901152637094, 0.3080684596577017, 0.0, 0.0, 0.0, 0.0, 0.0, 0.21830247991617185, 0.0, 0.0, 0.13272790778903248, 0.0, 0.0;
(17) 0.0, 0.0, 0.0, 0.0, 0.0, 0.0, 0.0, 0.27709054923305293, 0.42305789213260764, 0.0, 0.0, 0.0, 0.0, 0.0, 0.29985155863433943, 0.0, 0.0, 0.0, 0.0, 0.0;
(18) 0.0, 0.0, 0.0, 0.0, 0.0, 0.0, 0.0, 0.0, 0.7400530503978779, 0.0, 0.0, 0.0, 0.0, 0.0, 0.259946949602122, 0.0, 0.0, 0.0, 0.0, 0.0;
}
probability ( L_DISCOUNT | L_EXTENDEDPRICE ) {
(6) 0.0901986630260804, 0.08822144807456925, 0.0901986630260804, 0.08850390735335656, 0.09085773467658413, 0.09613030788061387, 0.09179926560587515, 0.09170511251294605, 0.09565954241596837, 0.08605592693719989, 0.09066942849072591;
(11) 0.09060787562125654, 0.09099018733273863, 0.09213712246718492, 0.08767681916656046, 0.09468586721039887, 0.0922645597043456, 0.08742194469223907, 0.09251943417866701, 0.09455842997323818, 0.08678475850643558, 0.09035300114693513;
(2) 0.09315196998123827, 0.0924015009380863, 0.0924953095684803, 0.08696060037523452, 0.08986866791744841, 0.0924015009380863, 0.09183864915572233, 0.08789868667917448, 0.09390243902439024, 0.09305816135084428, 0.08602251407129456;
(5) 0.0918107112496458, 0.09228298857088883, 0.08737130442996127, 0.09086615660715973, 0.0905827902144139, 0.0891659582506848, 0.0906772456786625, 0.09407764239161236, 0.0849154623594975, 0.09351090960612071, 0.0947388306413526;
(7) 0.08628485305199698, 0.08845139412207988, 0.09127731725697061, 0.0893933685003768, 0.0893933685003768, 0.08892238131122833, 0.09099472494348154, 0.09570459683496609, 0.09231348907309721, 0.0925018839487566, 0.09476262245666918;
(8) 0.0907321594068582, 0.09036144578313253, 0.0907321594068582, 0.08850787766450417, 0.0891566265060241, 0.08832252085264133, 0.09860982391102872, 0.09128822984244671, 0.08962001853568119, 0.08943466172381835, 0.09323447636700649;
(12) 0.09070397111913357, 0.09717208182912154, 0.09235860409145608, 0.08904933814681107, 0.08363417569193743, 0.08784596871239471, 0.09371239470517449, 0.08574007220216606, 0.09641997593261131, 0.08694344163658244, 0.09641997593261131;
(9) 0.09001150306748466, 0.08914877300613497, 0.09921395705521473, 0.0964340490797546, 0.08512269938650306, 0.08684815950920245, 0.09049079754601227, 0.08876533742331288, 0.08953220858895705, 0.09336656441717792, 0.0910659509202454;
(14) 0.08406984263849968, 0.09053675361069195, 0.09312351799956887, 0.09053675361069195, 0.0937702090967881, 0.09053675361069195, 0.0920456995042035, 0.0920456995042035, 0.09247682690234964, 0.09118344470791119, 0.08967449881439965;
(0) 0.0926491732566499, 0.08779654924514738, 0.09606398274622574, 0.09291876347951114, 0.08779654924514738, 0.08923436376707405, 0.08653846153846154, 0.08941409058231488, 0.08815600287562904, 0.0953450754852624, 0.09408698777857656;
(4) 0.0974392769723216, 0.08680097909998118, 0.092073055921672, 0.08802485407644511, 0.08633025795518735, 0.09169647900583694, 0.08633025795518735, 0.09696855582752777, 0.09433251741668236, 0.09037845980041423, 0.08962530596874412;
(19) 0.09340659340659341, 0.07692307692307693, 0.10805860805860806, 0.10805860805860806, 0.09157509157509157, 0.07509157509157509, 0.09340659340659341, 0.09706959706959707, 0.09340659340659341, 0.0695970695970696, 0.09340659340659341;
(10) 0.08932866827028209, 0.08856330636343757, 0.08790728187185655, 0.08746993221080254, 0.0963262628471463, 0.09479553903345725, 0.08790728187185655, 0.09457686420293024, 0.09271812814345069, 0.0896566805160726, 0.09075005466870763;
(3) 0.08654307943521275, 0.09249831908558255, 0.09441936413408894, 0.08971280376524829, 0.09595620017289405, 0.0912496398040534, 0.08615887042551147, 0.08788781096916723, 0.08836807223129382, 0.09624435693017001, 0.09096148304677745;
(13) 0.0966304154038153, 0.0887858798359779, 0.08860759493670886, 0.09056872882866822, 0.09359957211624176, 0.09056872882866822, 0.09181672312355144, 0.08076305936887146, 0.08914244963451595, 0.09092529862720627, 0.09859154929577464;
(1) 0.09191636959244628, 0.09133827921765103, 0.09220541477984391, 0.09143462761345024, 0.08844782734367473, 0.09085653723865497, 0.0892186145100684, 0.09085653723865497, 0.0881587821562771, 0.0929762019462376, 0.09259080836304076;
(15) 0.0928532755820249, 0.09068760151597184, 0.09935029778018409, 0.09149972929074174, 0.08933405522468868, 0.08743909041689225, 0.08798050893340552, 0.08987547374120194, 0.09095831077422847, 0.08581483486735246, 0.09420682187330806;
(16) 0.08278030038421237, 0.09465595529165212, 0.08592385609500523, 0.08941669577366398, 0.09640237513098149, 0.09325881942018861, 0.10059378274537199, 0.08382815228780999, 0.08103388054488299, 0.09605309116311561, 0.09605309116311561;
(17) 0.09203364670954972, 0.08659079663532905, 0.0900544285007422, 0.0925284512617516, 0.07966353290450272, 0.08411677387431965, 0.09648688767936665, 0.10192973775358734, 0.09549727857496289, 0.0974764967837704, 0.08362196932211777;
(18) 0.08753315649867374, 0.09549071618037135, 0.08311229000884174, 0.09372236958443855, 0.09637488947833775, 0.09991158267020336, 0.09283819628647215, 0.09283819628647215, 0.08664898320070734, 0.08311229000884174, 0.08841732979664015;
}
probability ( L_TAXDecimal | L_EXTENDEDPRICE ) {
(6) 0.10403916768665851, 0.11251294605027776, 0.11486677337350532, 0.11590245739572545, 0.11260709914320685, 0.11119480274927031, 0.1104415780058375, 0.10940589398361736, 0.10902928161190095;
(11) 0.11711482095068179, 0.11188989422709315, 0.11150758251561106, 0.1087039632980757, 0.1092137122467185, 0.10959602395820059, 0.11099783356696827, 0.1089588377723971, 0.11201733146425386;
(2) 0.11181988742964352, 0.10984990619136961, 0.11303939962476547, 0.10891181988742964, 0.10966228893058161, 0.11425891181988743, 0.11041275797373358, 0.10816135084427768, 0.11388367729831145;
(5) 0.11306319070558232, 0.10966279399263247, 0.1169358647397752, 0.10824596202890337, 0.1155190327760461, 0.10116180221025786, 0.11466893359780864, 0.10966279399263247, 0.11107962595636157;
(7) 0.11087038432554634, 0.11529766390354182, 0.11501507159005275, 0.1144498869630746, 0.10437076111529767, 0.11105877920120573, 0.10795026375282592, 0.11435568952524491, 0.10663149962321025;
(8) 0.11473586654309546, 0.11492122335495829, 0.10936051899907322, 0.11260426320667284, 0.11093605189990732, 0.11139944392956441, 0.1108433734939759, 0.10834105653382761, 0.10685820203892493;
(12) 0.11176293622141997, 0.11462093862815885, 0.11552346570397112, 0.10980746089049338, 0.11447051744885679, 0.10905535499398315, 0.10604693140794223, 0.10815282791817088, 0.11055956678700361;
(9) 0.10573236196319018, 0.11330521472392638, 0.11330521472392638, 0.11359279141104295, 0.10975843558282208, 0.11090874233128835, 0.11483895705521473, 0.11129217791411043, 0.10726610429447853;
(14) 0.1127398146152188, 0.1082129769346842, 0.10799741323561113, 0.10584177624488036, 0.11575770640224187, 0.11123086872170726, 0.11726665229575339, 0.10497952144858806, 0.11597327010131493;
(0) 0.11035226455787203, 0.11286843997124371, 0.11152048885693745, 0.11080158159597411, 0.11295830337886413, 0.11250898634076203, 0.11044212796549245, 0.11430625449317038, 0.10424155283968368;
(4) 0.10996045942383732, 0.11278478629260026, 0.1126906420636415, 0.10638297872340426, 0.10544153643381661, 0.10807757484466202, 0.11372622858218791, 0.11655055545095086, 0.11438523818489926;
(19) 0.09340659340659341, 0.11904761904761904, 0.11904761904761904, 0.12454212454212454, 0.1227106227106227, 0.08974358974358974, 0.11904761904761904, 0.10256410256410256, 0.10989010989010989;
(10) 0.10813470369560464, 0.11688169691668489, 0.10791602886507763, 0.11239886289088126, 0.11108681390771923, 0.11207085064509074, 0.11130548873824622, 0.10988410233982068, 0.1103214520008747;
(3) 0.1105561425415426, 0.11228508308519834, 0.10949956776486408, 0.11209297858034771, 0.11276534434732495, 0.11238113533762367, 0.10959562001728941, 0.11142061281337047, 0.10940351551243876;
(13) 0.11053663754679978, 0.12052059190586557, 0.10518809056872883, 0.11410233553218042, 0.11321091103583526, 0.1123194865394901, 0.11463719022998752, 0.10429666607238366, 0.10518809056872883;
(1) 0.1085846420657096, 0.1153290297716543, 0.11205318431448116, 0.11157144233548512, 0.112438577897678, 0.10791020329511514, 0.11214953271028037, 0.10983717121109933, 0.11012621639849697;
(15) 0.11748781808337845, 0.10828370330265295, 0.1136978884677856, 0.10259880887926368, 0.10584731997834326, 0.1120736329182458, 0.10747157552788306, 0.11802923659989172, 0.1145100162425555;
(16) 0.11491442542787286, 0.11177086971707999, 0.11037373384561648, 0.10478519035976248, 0.10443590639189661, 0.10338805448829899, 0.11212015368494586, 0.12050296891372686, 0.11770869717079986;
(17) 0.11232063334982682, 0.11677387431964374, 0.11133102424542306, 0.09450766947055914, 0.11083621969322117, 0.12271152894606631, 0.10638297872340426, 0.11627906976744186, 0.10885700148441366;
(18) 0.10698496905393456, 0.11759504862953139, 0.10521662245800177, 0.10256410256410256, 0.10521662245800177, 0.1237842617152962, 0.10698496905393456, 0.1184792219274978, 0.11317418213969938;
}
probability ( L_RETURNFLAG | L_COMMITDATE ) {
(1996) 1.0, 0.0, 0.0;
(1997) 1.0, 0.0, 0.0;
(1994) 0.0, 0.5060055567428938, 0.49399444325710623;
(1993) 0.0, 0.4935064935064935, 0.5064935064935064;
(1995) 0.5866210025352488, 0.206289196281635, 0.20708980118311612;
(1992) 0.0, 0.5048180420297284, 0.49518195797027165;
(1998) 1.0, 0.0, 0.0;
}
probability ( L_EXTENDEDPRICE | L_LINENUMBER ) {
(1) 0.07069333333333333, 0.05176, 0.07194666666666667, 0.07005333333333333, 0.07018666666666666, 0.07296, 0.04221333333333333, 0.06802666666666667, 0.032106666666666665, 0.07282666666666666, 0.06968, 0.0036266666666666665, 0.062053333333333335, 0.06938666666666667, 0.03781333333333333, 0.06976, 0.02448, 0.02032, 0.01328, 0.006826666666666667;
(2) 0.07063427967944337, 0.05258743865316519, 0.07134869851525129, 0.07085171149903709, 0.06926756538485432, 0.07128657513822452, 0.04544325029508604, 0.06852208486053302, 0.030316207989066285, 0.07436168230104989, 0.07221842579362614, 0.0038827110641734483, 0.06029073740448531, 0.06796297446729205, 0.03876498726470771, 0.06849102317201963, 0.024569795614089583, 0.018854444927626265, 0.012735292290488911, 0.007610113685779959;
(3) 0.07251823187974402, 0.05179342164012502, 0.06969043012353028, 0.07192290519422533, 0.07188569727638042, 0.07222056853698466, 0.0451332043458848, 0.06902068760232177, 0.029691918440244085, 0.07106712308379223, 0.06942997469861587, 0.0036091680309569877, 0.06273254948653073, 0.07054621223396339, 0.03609168030956988, 0.0677928263134395, 0.025078136627474327, 0.01789700848340527, 0.014213424616758447, 0.007664831076052984;
(4) 0.06938889405636685, 0.05246023625709236, 0.06883080643661055, 0.0710166496139894, 0.07464421914240536, 0.07222583945679471, 0.044879546088735935, 0.07110966421728211, 0.030136731466840296, 0.07362105850618547, 0.0707841131057576, 0.0036275695284159614, 0.05785508324806995, 0.07003999627941587, 0.036787275602269555, 0.06790066040368338, 0.02627662543019254, 0.017626267323969862, 0.013812668588968468, 0.0069760952469537715;
(5) 0.06908302354399008, 0.051858736059479556, 0.07137546468401487, 0.06685254027261463, 0.06790582403965303, 0.07106567534076828, 0.04448574969021066, 0.07162329615861214, 0.031102850061957867, 0.07899628252788105, 0.07094175960346964, 0.003345724907063197, 0.06363073110285006, 0.068091697645601, 0.03674101610904585, 0.06926889714993804, 0.02335811648079306, 0.019454770755885996, 0.013444857496902107, 0.007372986369268897;
(6) 0.06962025316455696, 0.05323901712583768, 0.07269173492181683, 0.06850335070737155, 0.0680379746835443, 0.0689687267311988, 0.04421072226358898, 0.06859642591213701, 0.03108711839166046, 0.07753164556962025, 0.07380863737900223, 0.003257632166790767, 0.056775874906924796, 0.06924795234549516, 0.03462397617274758, 0.07250558451228593, 0.023641102010424422, 0.020290394638868205, 0.014147431124348473, 0.009214445271779599;
(7) 0.0721383879278616, 0.05226352594773647, 0.06974604343025395, 0.07434670592565329, 0.07177033492822966, 0.06937799043062201, 0.04251012145748988, 0.07324254692675745, 0.03257269046742731, 0.07397865292602135, 0.06588148693411851, 0.0038645564961354434, 0.057232241442767756, 0.06919396393080604, 0.03993375046006625, 0.06974604343025395, 0.021163047478836954, 0.018770702981229296, 0.011961722488038277, 0.010305483989694516;
}
probability ( L_SHIPDATE | L_COMMITDATE ) {
(1996) 0.9063788288487965, 0.0479187907265393, 0.0, 0.0, 0.0, 0.045702380424664214, 0.0;
(1997) 0.043824701195219126, 0.9068075523990993, 0.0, 0.0, 0.0, 0.0, 0.049367746405681624;
(1994) 0.0, 0.0, 0.9115195554605685, 0.042829664458217565, 0.0, 0.04565078008121393, 0.0;
(1993) 0.0, 0.0, 0.04649895558986468, 0.9104985923167741, 0.04300245209336118, 0.0, 0.0;
(1995) 0.04456700618244896, 0.0, 0.04523417693368323, 0.0, 0.0, 0.9101988168838678, 0.0;
(1992) 0.0, 0.0, 0.0, 0.0539723218862122, 0.9460276781137879, 0.0, 0.0;
(1998) 0.0, 0.057245080500894455, 0.0, 0.0, 0.0, 0.0, 0.9427549194991055;
}
probability ( L_COMMITDATE | L_QUANTITY ) {
(6) 0.1490454393212013, 0.1569722005135648, 0.15585575527520376, 0.14379814670090432, 0.14826392765434857, 0.1280562688400134, 0.11800826169476387;
(14) 0.14873054873054872, 0.1538083538083538, 0.16003276003276004, 0.15675675675675677, 0.1447993447993448, 0.12252252252252252, 0.11334971334971335;
(2) 0.14525823686553874, 0.15438557435440783, 0.1615093499554764, 0.15149154051647373, 0.14559216384683882, 0.1246660730186999, 0.11709706144256456;
(11) 0.15592883191512874, 0.15150845397281468, 0.15946513426897999, 0.14421483036799645, 0.1489667366559841, 0.12918554536412863, 0.1107304674549674;
(9) 0.14541605601693536, 0.14867285458394397, 0.1550236117896108, 0.14753297508549096, 0.1626770884220811, 0.12115290669272105, 0.11952450740921675;
(12) 0.1504307488402916, 0.14993373094764745, 0.15523525513585157, 0.1472829688535454, 0.1466202783300199, 0.1303843605036448, 0.12011265738899933;
(15) 0.143527309281805, 0.156148776946275, 0.15547861052161285, 0.14241036524070144, 0.15547861052161285, 0.13459175695297665, 0.1123645705350162;
(17) 0.15170797052913595, 0.1537173476222371, 0.15170797052913595, 0.147465952221478, 0.15114981022549676, 0.13496316141995982, 0.10928778745255638;
(19) 0.15388858246001103, 0.1469387755102041, 0.16083838940981798, 0.14484280198565913, 0.1450634307777165, 0.12829564258135687, 0.12013237727523442;
(10) 0.15724815724815724, 0.15298935298935298, 0.1484029484029484, 0.14791154791154792, 0.14643734643734643, 0.13038493038493038, 0.11662571662571662;
(0) 0.15074476425131594, 0.15399260835479897, 0.15970433419195879, 0.1374174039646097, 0.14469705454138201, 0.13876133945570612, 0.11468249524022847;
(5) 0.13922558922558922, 0.15303030303030302, 0.15016835016835017, 0.16111111111111112, 0.15387205387205388, 0.12643097643097642, 0.11616161616161616;
(4) 0.14921672489575116, 0.1503437394342387, 0.14899132198805365, 0.14741350163417108, 0.15451369322664263, 0.13264961117998422, 0.11687140764115857;
(3) 0.15445939212755355, 0.15429330675967448, 0.15429330675967448, 0.14615512373359907, 0.1456568676299618, 0.13037701378508554, 0.11476498920445109;
(18) 0.1483957219251337, 0.14522058823529413, 0.15157085561497327, 0.1398729946524064, 0.1570855614973262, 0.1418783422459893, 0.11597593582887701;
(13) 0.14961335873585116, 0.1588030931301132, 0.15622548470245434, 0.14927714894093916, 0.14770816989801636, 0.12316485486943853, 0.11520788972318727;
(1) 0.15218466611706513, 0.1658697444352844, 0.15597691673536687, 0.13800494641384997, 0.14905193734542457, 0.12712283594394064, 0.11178895300906842;
(16) 0.14543663821405123, 0.15627051871306633, 0.15889691398555483, 0.14921208141825346, 0.15068942875902824, 0.12721602101116217, 0.11227839789888379;
(8) 0.1544591201833861, 0.15314921951751992, 0.15194847724047594, 0.14659971618818907, 0.1451806571335007, 0.1302259578648619, 0.11843685187206637;
(7) 0.1530831542403703, 0.1547363200529013, 0.1567201190279385, 0.1444866920152091, 0.1507687221028269, 0.12944288312117705, 0.11076210943957679;
}
probability ( L_SHIPINSTRUCT | L_QUANTITY ) {
(6) 0.2504186669643854, 0.25533102601317403, 0.24796248743999108, 0.24628781958244947;
(14) 0.24226044226044227, 0.2493038493038493, 0.24963144963144962, 0.2588042588042588;
(2) 0.23975957257346395, 0.2548975957257346, 0.25333926981300087, 0.25200356188780054;
(11) 0.2462150513868936, 0.25240358050613326, 0.24975135374074484, 0.25163001436622834;
(9) 0.2499592900179124, 0.24572545188080117, 0.2499592900179124, 0.254355968083374;
(12) 0.2423790589794566, 0.2544731610337972, 0.25480450629555995, 0.24834327369118622;
(15) 0.24863174354964818, 0.24639785546744108, 0.249525298782531, 0.25544510220037975;
(17) 0.251395400759098, 0.24626032596561734, 0.25184192900200936, 0.2505023442732753;
(19) 0.25217870932156644, 0.2530612244897959, 0.24544953116381688, 0.24931053502482073;
(10) 0.25405405405405407, 0.24946764946764946, 0.24848484848484848, 0.247993447993448;
(0) 0.2522118938290962, 0.25097995296225784, 0.24269235076716317, 0.2541158024414828;
(5) 0.24781144781144782, 0.24831649831649832, 0.25067340067340066, 0.2531986531986532;
(4) 0.2504226304519328, 0.25481798715203424, 0.24636537811337766, 0.24839400428265523;
(3) 0.2501245640259093, 0.2552732104301611, 0.2501245640259093, 0.24447766151802025;
(18) 0.25066844919786097, 0.24431818181818182, 0.2555147058823529, 0.2494986631016043;
(13) 0.24868317830326123, 0.2517090664574695, 0.25406253502185366, 0.24554522021741568;
(1) 0.25507007419620775, 0.2382522671063479, 0.2605111294311624, 0.24616652926628194;
(16) 0.26313197636244257, 0.24885095206828628, 0.23030203545633618, 0.257715036112935;
(8) 0.24931776006986137, 0.24724375068223994, 0.25335662045628204, 0.25008186879161665;
(7) 0.24218879153579104, 0.24780955529839643, 0.2529343693172425, 0.25706728384857;
}
probability ( L_SHIPMODE | L_EXTENDEDPRICE ) {
(6) 0.13991149609264664, 0.14226532341587422, 0.13981734299971754, 0.14367761980981075, 0.14311270125223613, 0.14951511157141512, 0.1417004048582996;
(11) 0.14413151522874984, 0.14540588760035683, 0.14871925576653497, 0.13457372244169746, 0.14362176628010706, 0.1383968395565184, 0.14515101312603543;
(2) 0.14287054409005628, 0.14352720450281425, 0.14821763602251406, 0.1397748592870544, 0.14099437148217636, 0.14165103189493433, 0.14296435272045027;
(5) 0.139321809766695, 0.14253329555114763, 0.14659488051383773, 0.14527250401435723, 0.14007745348068384, 0.15103428733352225, 0.1351657693397563;
(7) 0.13978899773926148, 0.14299171062547097, 0.14167294649585532, 0.14638281838733985, 0.14572343632253204, 0.14157874905802562, 0.14186134137151468;
(8) 0.14402224281742354, 0.13531047265987026, 0.13781278962001853, 0.1341056533827618, 0.15097312326227988, 0.14856348470806302, 0.14921223354958293;
(12) 0.1444043321299639, 0.14094464500601686, 0.14169675090252706, 0.14290012033694344, 0.13793622141997594, 0.14590854392298436, 0.14620938628158844;
(9) 0.14704754601226994, 0.14129601226993865, 0.1388036809815951, 0.15049846625766872, 0.14024156441717792, 0.14129601226993865, 0.14081671779141106;
(14) 0.141625350291011, 0.1506790256520802, 0.138823022203061, 0.1323561112308687, 0.14270316878637637, 0.13968527699935332, 0.1541280448372494;
(0) 0.14171459381739757, 0.14602803738317757, 0.14288281811646297, 0.1445003594536305, 0.14683680805176133, 0.1372214234363767, 0.14081595974119337;
(4) 0.1485595932969309, 0.14404067030691017, 0.14178120881189982, 0.14083976652231217, 0.1353794012427038, 0.13961589154584825, 0.14978346827339484;
(19) 0.13553113553113552, 0.1684981684981685, 0.14835164835164835, 0.1227106227106227, 0.17032967032967034, 0.1391941391941392, 0.11538461538461539;
(10) 0.14224797725781763, 0.14334135141045265, 0.1408265908593921, 0.14662147386835775, 0.1414826153509731, 0.137983818062541, 0.1474961731904658;
(3) 0.14811257323984248, 0.1457112669292095, 0.14398232638555375, 0.1388915570070118, 0.142253385841898, 0.13975602727883968, 0.1412928633176448;
(13) 0.139775361026921, 0.14672847209841328, 0.1490461757889107, 0.14173649491888038, 0.13710108753788555, 0.14619361740060616, 0.13941879122838297;
(1) 0.13430966374409867, 0.14221023219963388, 0.14221023219963388, 0.1481838327391849, 0.1482801811349841, 0.1403796126794489, 0.1444262453030157;
(15) 0.14564158094206822, 0.12994044396318355, 0.14916080129940443, 0.15132647536545749, 0.15186789388197075, 0.1372495939361126, 0.13481321061180293;
(16) 0.14565141460006986, 0.1393643031784841, 0.13761788333915473, 0.13761788333915473, 0.1421585749214111, 0.1547327977645826, 0.14285714285714285;
(17) 0.140524492825334, 0.15982187036120732, 0.14200890648193965, 0.14646214745175656, 0.15437902028698663, 0.12617516081147948, 0.1306284017812964;
(18) 0.14854111405835543, 0.14412024756852343, 0.15915119363395225, 0.14323607427055704, 0.1361626878868258, 0.1361626878868258, 0.13262599469496023;
}
probability ( L_RECEIPTDATE | L_SHIPDATE ) {
(1996) 0.9549886469881127, 0.04501135301188727, 0.0, 0.0, 0.0, 0.0, 0.0;
(1997) 0.0, 0.9574588276191718, 0.0, 0.0, 0.0, 0.0, 0.042541172380828225;
(1994) 0.0, 0.0, 0.9601129846785929, 0.0, 0.0, 0.03988701532140717, 0.0;
(1993) 0.0, 0.0, 0.04478422147833167, 0.9552157785216683, 0.0, 0.0, 0.0;
(1992) 0.0, 0.0, 0.0, 0.046536796536796536, 0.9534632034632035, 0.0, 0.0;
(1995) 0.043877143996808934, 0.0, 0.0, 0.0, 0.0, 0.956122856003191, 0.0;
(1998) 0.0, 0.0, 0.0, 0.0, 0.0, 0.0, 1.0;
}
probability ( O_ORDERSTATUS ) {
table 0.4886933333333333, 0.4864266666666667, 0.02488;
}
probability ( O_TOTALPRICE | O_ORDERSTATUS ) {
(O) 0.07508457928625996, 0.09849394303175815, 0.06504419949798101, 0.08823529411764706, 0.0985485103132162, 0.05478555058386991, 0.09009058168722034, 0.09527447342573393, 0.026956237040270652, 0.06018771144821565, 0.09189130197533558, 0.08528866091891302, 0.040216086434573826, 0.008021390374331552, 0.015715377059914874, 0.003601440576230492, 0.0021281239768634725, 0.0003819709702062643, 5.456728145803776e-05, 0.0;
(F) 0.07927196973850117, 0.09478647004001974, 0.0682528370155145, 0.08530234088043419, 0.09423825448166219, 0.05169672715311661, 0.094950934707527, 0.09593772271257059, 0.02598541746614769, 0.06019406830765857, 0.09160681980154597, 0.08716627377884985, 0.03727865796831314, 0.008442519598706212, 0.017652540979112986, 0.004495367578531879, 0.0019187544542514116, 0.0006578586700290554, 0.0, 0.00016446466750726386;
(P) 0.11254019292604502, 0.06109324758842444, 0.08896034297963558, 0.01822079314040729, 0.09003215434083602, 0.07288317256162916, 0.10718113612004287, 0.07609860664523044, 0.04394426580921758, 0.00857449088960343, 0.09539121114683816, 0.11789924973204716, 0.05894962486602358, 0.012861736334405145, 0.02572347266881029, 0.004287245444801715, 0.004287245444801715, 0.0, 0.0, 0.0010718113612004287;
}
probability ( O_ORDERDATE | O_ORDERSTATUS ) {
(O) 0.3085234093637455, 0.0, 0.19300447451707956, 0.0, 0.0, 0.18634726617919894, 0.31212484993997597;
(F) 0.0, 0.3060139246751823, 0.06255139520859603, 0.3189518118524204, 0.31248286826380134, 0.0, 0.0;
(P) 0.0, 0.0, 1.0, 0.0, 0.0, 0.0, 0.0;
}
probability ( O_ORDERPRIORITY | O_TOTALPRICE ) {
(8) 0.19610522719508028, 0.2019132217287325, 0.2036214554151008, 0.20259651520327981, 0.19576358045780662;
(2) 0.21108326371484265, 0.1924255082149819, 0.1999443052074631, 0.20857699805068225, 0.18796992481203006;
(9) 0.19126984126984126, 0.19603174603174603, 0.2123015873015873, 0.20793650793650795, 0.19246031746031747;
(1) 0.20188087774294672, 0.1993730407523511, 0.19184952978056427, 0.20626959247648902, 0.2006269592476489;
(5) 0.18980326960376837, 0.2025491825990579, 0.2058742033804378, 0.19866999168744803, 0.2031033527292879;
(10) 0.2109181141439206, 0.1890818858560794, 0.18858560794044665, 0.20942928039702233, 0.20198511166253103;
(6) 0.19666953775480908, 0.19896640826873385, 0.20155038759689922, 0.19753086419753085, 0.205282802182027;
(3) 0.20913933277263808, 0.20549481356882535, 0.18334735071488645, 0.20857863751051303, 0.1934398654331371;
(12) 0.1863230921704658, 0.18830525272547077, 0.19028741328047571, 0.22001982160555006, 0.21506442021803765;
(0) 0.20054323223177908, 0.20869171570846537, 0.20733363512901765, 0.19330013580805794, 0.19013128112267993;
(4) 0.19396051103368175, 0.2038327526132404, 0.20963995354239257, 0.18641114982578397, 0.20615563298490128;
(7) 0.20165491878639288, 0.1985902543671468, 0.20349371743794054, 0.21299417713760344, 0.18326693227091634;
(11) 0.21195652173913043, 0.18206521739130435, 0.19633152173913043, 0.2105978260869565, 0.19904891304347827;
(14) 0.23003194888178913, 0.16613418530351437, 0.20447284345047922, 0.2268370607028754, 0.17252396166134185;
(13) 0.2192429022082019, 0.20504731861198738, 0.19400630914826497, 0.20504731861198738, 0.17665615141955837;
(15) 0.19736842105263158, 0.19736842105263158, 0.19736842105263158, 0.20394736842105263, 0.20394736842105263;
(16) 0.21794871794871795, 0.2692307692307692, 0.16666666666666666, 0.20512820512820512, 0.14102564102564102;
(17) 0.10526315789473684, 0.3684210526315789, 0.10526315789473684, 0.2631578947368421, 0.15789473684210525;
(19) 0.0, 0.0, 0.0, 1.0, 0.0;
(18) 0.0, 0.75, 0.0, 0.25, 0.0;
}
probability ( PS_AVAILQTY ) {
table 0.0517, 0.0486, 0.0492, 0.05015, 0.0485, 0.05055, 0.05065, 0.0501, 0.05095, 0.05045, 0.0519, 0.0504, 0.0485, 0.049, 0.05125, 0.0495, 0.04885, 0.0487, 0.0503, 0.05075;
}
probability ( PS_SUPPLYCOST | PS_AVAILQTY ) {
(6) 0.059961315280464215, 0.05222437137330754, 0.05029013539651837, 0.033849129593810444, 0.05222437137330754, 0.048355899419729204, 0.0425531914893617, 0.058027079303675046, 0.04642166344294004, 0.047388781431334626, 0.06382978723404255, 0.05899419729206963, 0.0551257253384913, 0.04448742746615087, 0.05125725338491296, 0.03481624758220503, 0.04932301740812379, 0.05899419729206963, 0.0425531914893617, 0.04932301740812379;
(16) 0.051440329218107, 0.051440329218107, 0.043209876543209874, 0.050411522633744855, 0.05555555555555555, 0.04835390946502058, 0.06172839506172839, 0.06172839506172839, 0.04835390946502058, 0.044238683127572016, 0.04218106995884774, 0.04938271604938271, 0.040123456790123455, 0.06275720164609054, 0.051440329218107, 0.04835390946502058, 0.043209876543209874, 0.046296296296296294, 0.056584362139917695, 0.043209876543209874;
(7) 0.05894308943089431, 0.039634146341463415, 0.04573170731707317, 0.05589430894308943, 0.052845528455284556, 0.054878048780487805, 0.044715447154471545, 0.044715447154471545, 0.059959349593495935, 0.04878048780487805, 0.057926829268292686, 0.04065040650406504, 0.052845528455284556, 0.047764227642276426, 0.042682926829268296, 0.049796747967479675, 0.047764227642276426, 0.0508130081300813, 0.051829268292682924, 0.051829268292682924;
(8) 0.05682951146560319, 0.0448654037886341, 0.053838484546360914, 0.058823529411764705, 0.038883349950149554, 0.05084745762711865, 0.0448654037886341, 0.04885343968095713, 0.054835493519441676, 0.038883349950149554, 0.0518444666001994, 0.05782652043868395, 0.04885343968095713, 0.05084745762711865, 0.04287138584247258, 0.06580259222333001, 0.049850448654037885, 0.047856430707876374, 0.05284147557328016, 0.03988035892323031;
(17) 0.050515463917525774, 0.04845360824742268, 0.04536082474226804, 0.049484536082474224, 0.04742268041237113, 0.050515463917525774, 0.05567010309278351, 0.05670103092783505, 0.0443298969072165, 0.05979381443298969, 0.05567010309278351, 0.05154639175257732, 0.041237113402061855, 0.0443298969072165, 0.03814432989690722, 0.04742268041237113, 0.04329896907216495, 0.05670103092783505, 0.058762886597938144, 0.05463917525773196;
(9) 0.04747774480712166, 0.051434223541048464, 0.04648862512363996, 0.05440158259149357, 0.043521266073194856, 0.04846686449060336, 0.05242334322453017, 0.04154302670623145, 0.04451038575667656, 0.06132542037586548, 0.04945598417408507, 0.04648862512363996, 0.06033630069238378, 0.04648862512363996, 0.04648862512363996, 0.05934718100890208, 0.057368941641938676, 0.04549950544015826, 0.040553907022749754, 0.05637982195845697;
(19) 0.04343534057255676, 0.04639684106614018, 0.0562685093780849, 0.059230009871668314, 0.04738400789733465, 0.054294175715695954, 0.05330700888450148, 0.06219151036525173, 0.04639684106614018, 0.050345508390918066, 0.044422507403751234, 0.04639684106614018, 0.05330700888450148, 0.044422507403751234, 0.0384995064165844, 0.059230009871668314, 0.04738400789733465, 0.05231984205330701, 0.049358341559723594, 0.045409674234945706;
(2) 0.05089820359281437, 0.05089820359281437, 0.054890219560878244, 0.046906187624750496, 0.054890219560878244, 0.05788423153692615, 0.036926147704590816, 0.043912175648702596, 0.05289421157684631, 0.05688622754491018, 0.043912175648702596, 0.0499001996007984, 0.03792415169660679, 0.05189620758483034, 0.05788423153692615, 0.05089820359281437, 0.0499001996007984, 0.05389221556886228, 0.04790419161676647, 0.04890219560878244;
(12) 0.0549558390578999, 0.04906771344455348, 0.04906771344455348, 0.0549558390578999, 0.03631010794896958, 0.04906771344455348, 0.06084396467124632, 0.05789990186457311, 0.053974484789008834, 0.053974484789008834, 0.03925417075564279, 0.03434739941118744, 0.03729146221786065, 0.04808635917566242, 0.04612365063788027, 0.06084396467124632, 0.052011776251226695, 0.05691854759568204, 0.052011776251226695, 0.05299313052011776;
(5) 0.05946481665014866, 0.05153617443012884, 0.07036669970267592, 0.053518334985133795, 0.053518334985133795, 0.03865213082259663, 0.05450941526263627, 0.03766105054509415, 0.053518334985133795, 0.05153617443012884, 0.05054509415262636, 0.05946481665014866, 0.049554013875123884, 0.04162537165510406, 0.05450941526263627, 0.04658077304261645, 0.044598612487611496, 0.03865213082259663, 0.04261645193260654, 0.04757185332011893;
(4) 0.04431599229287091, 0.04816955684007707, 0.041425818882466284, 0.05394990366088632, 0.04816955684007707, 0.057803468208092484, 0.05394990366088632, 0.05202312138728324, 0.052986512524084775, 0.05491329479768786, 0.049132947976878616, 0.04431599229287091, 0.06454720616570328, 0.05009633911368015, 0.06551059730250482, 0.04238921001926782, 0.04527938342967245, 0.0394990366088632, 0.049132947976878616, 0.04238921001926782;
(13) 0.0496031746031746, 0.04265873015873016, 0.047619047619047616, 0.03373015873015873, 0.04563492063492063, 0.04662698412698413, 0.05555555555555555, 0.04662698412698413, 0.04365079365079365, 0.05555555555555555, 0.05357142857142857, 0.054563492063492064, 0.060515873015873016, 0.03869047619047619, 0.0496031746031746, 0.05952380952380952, 0.06349206349206349, 0.060515873015873016, 0.04662698412698413, 0.04563492063492063;
(3) 0.04020618556701031, 0.042268041237113405, 0.05257731958762887, 0.05154639175257732, 0.03814432989690722, 0.04742268041237113, 0.05154639175257732, 0.04020618556701031, 0.05360824742268041, 0.058762886597938144, 0.042268041237113405, 0.04536082474226804, 0.042268041237113405, 0.05154639175257732, 0.05979381443298969, 0.06391752577319587, 0.04845360824742268, 0.0577319587628866, 0.05463917525773196, 0.0577319587628866;
(14) 0.04591836734693878, 0.05714285714285714, 0.04897959183673469, 0.053061224489795916, 0.05102040816326531, 0.04897959183673469, 0.03571428571428571, 0.05204081632653061, 0.053061224489795916, 0.05, 0.05102040816326531, 0.05510204081632653, 0.058163265306122446, 0.04693877551020408, 0.05204081632653061, 0.0336734693877551, 0.05, 0.04591836734693878, 0.05408163265306123, 0.05714285714285714;
(18) 0.06146341463414634, 0.055609756097560976, 0.054634146341463415, 0.041951219512195125, 0.05268292682926829, 0.06146341463414634, 0.05170731707317073, 0.055609756097560976, 0.05170731707317073, 0.04, 0.04780487804878049, 0.042926829268292686, 0.03902439024390244, 0.05365853658536585, 0.050731707317073174, 0.055609756097560976, 0.04975609756097561, 0.041951219512195125, 0.04780487804878049, 0.04390243902439024;
(0) 0.05353535353535353, 0.05353535353535353, 0.045454545454545456, 0.047474747474747475, 0.05555555555555555, 0.047474747474747475, 0.048484848484848485, 0.048484848484848485, 0.043434343434343436, 0.05656565656565657, 0.05353535353535353, 0.046464646464646465, 0.047474747474747475, 0.043434343434343436, 0.04242424242424243, 0.05656565656565657, 0.05757575757575758, 0.05454545454545454, 0.049494949494949494, 0.048484848484848485;
